   5.4722222e-01
   1.2750000e+00
   1.9666667e+00
   2.6777778e+00
   3.3916667e+00
   4.1055556e+00
   4.8361111e+00
   5.5972222e+00
   6.3500000e+00
   7.0833333e+00
   7.7833333e+00
   8.4777778e+00
   9.1722222e+00
   9.8972222e+00
   1.0652778e+01
   1.1394444e+01
   1.2138889e+01
   1.2875000e+01
   1.3611111e+01
   1.4316667e+01
   1.5019444e+01
   1.5450000e+01
   1.6450000e+01
   1.7208333e+01
   1.7966667e+01
   1.8711111e+01
   1.9430556e+01
   2.0127778e+01
   2.0850000e+01
   2.1572222e+01
   2.2008333e+01
   2.3027778e+01
   2.3786111e+01
   2.4522222e+01
   2.5255556e+01
   2.5969444e+01
   2.6666667e+01
   2.7347222e+01
   2.8069444e+01
   2.8833333e+01
   2.9569444e+01
   3.0300000e+01
   3.1022222e+01
   3.1733333e+01
   3.2430556e+01
   3.3138889e+01
   3.3850000e+01
   3.4580556e+01
   3.5072222e+01
   3.6077778e+01
   3.6811111e+01
   3.7519444e+01
   3.8208333e+01
   3.8902778e+01
   3.9591667e+01
   4.0322222e+01
   4.1072222e+01
   4.1813889e+01
   4.2530556e+01
   4.3261111e+01
   4.3983333e+01
   4.4675000e+01
   4.5375000e+01
   4.6083333e+01
   4.6813889e+01
   4.7575000e+01
   4.8327778e+01
   4.9052778e+01
   4.9763889e+01
   5.0466667e+01
   5.1183333e+01
   5.1894444e+01
   5.2627778e+01
   5.3366667e+01
   5.4119444e+01
   5.4850000e+01
   5.5577778e+01
   5.6280556e+01
   5.6983333e+01
   5.7677778e+01
   5.8419444e+01
   5.8897222e+01
   5.9933333e+01
   6.0661111e+01
   6.1388889e+01
   6.2083333e+01
   6.2786111e+01
   6.3497222e+01
   6.4205556e+01
   6.4930556e+01
   6.5666667e+01
   6.6433333e+01
   6.7166667e+01
   6.7858333e+01
   6.8544444e+01
   6.9008333e+01
   6.9975000e+01
   7.0727778e+01
   7.1477778e+01
   7.2213889e+01
   7.2925000e+01
   7.3655556e+01
   7.4363889e+01
   7.5052778e+01
   7.5755556e+01
   7.6469444e+01
   7.7205556e+01
   7.7961111e+01
   7.8705556e+01
   7.9413889e+01
   8.0097222e+01
   8.0802778e+01
   8.1522222e+01
   8.2233333e+01
   8.2969444e+01
   8.3711111e+01
   8.4447222e+01
   8.5169444e+01
   8.5877778e+01
   8.6569444e+01
   8.7263889e+01
   8.7966667e+01
   8.8705556e+01
   8.9463889e+01
   9.0211111e+01
   9.0930556e+01
   9.1625000e+01
   9.2316667e+01
   9.3027778e+01
   9.3744444e+01
   9.4472222e+01
   9.5205556e+01
   9.5950000e+01
   9.6716667e+01
   9.7433333e+01
   9.8113889e+01
   9.8808333e+01
   9.9527778e+01
   1.0025833e+02
   1.0101389e+02
   1.0175556e+02
   1.0220556e+02
   1.0319722e+02
   1.0392222e+02
   1.0462500e+02
   1.0531667e+02
   1.0601389e+02
   1.0675000e+02
   1.0747778e+02
   1.0821667e+02
   1.0895556e+02
   1.0965833e+02
   1.1033333e+02
   1.1104167e+02
   1.1175000e+02
   1.1246667e+02
   1.1318056e+02
   1.1391389e+02
   1.1464444e+02
   1.1535278e+02
   1.1605833e+02
   1.1673889e+02
   1.1742778e+02
   1.1811944e+02
   1.1886667e+02
   1.1960556e+02
   1.2033889e+02
   1.2103611e+02
   1.2171944e+02
   1.2239167e+02
   1.2308889e+02
   1.2379444e+02
   1.2448611e+02
   1.2520833e+02
   1.2593889e+02
   1.2668889e+02
   1.2712222e+02
   1.2805833e+02
   1.2873889e+02
   1.2942778e+02
   1.3012222e+02
   1.3085278e+02
   1.3158611e+02
   1.3231667e+02
   1.3302222e+02
   1.3372222e+02
   1.3442500e+02
   1.3511667e+02
   1.3580000e+02
   1.3651111e+02
   1.3725000e+02
   1.3799444e+02
   1.3872778e+02
   1.3943889e+02
   1.4013333e+02
   1.4080833e+02
   1.4152500e+02
   1.4224167e+02
   1.4297778e+02
   1.4370833e+02
   1.4444722e+02
   1.4515556e+02
   1.4586667e+02
   1.4658056e+02
   1.4727778e+02
   1.4797500e+02
   1.4871389e+02
   1.4948333e+02
   1.5021667e+02
   1.5092222e+02
   1.5163056e+02
   1.5232500e+02
   1.5302778e+02
   1.5374444e+02
   1.5446389e+02
   1.5520000e+02
   1.5594167e+02
   1.5670278e+02
   1.5740833e+02
   1.5810556e+02
   1.5879167e+02
   1.5920833e+02
   1.6018333e+02
   1.6094444e+02
   1.6169167e+02
   1.6242500e+02
   1.6313611e+02
   1.6384444e+02
   1.6455278e+02
   1.6525833e+02
   1.6595000e+02
   1.6667500e+02
   1.6741667e+02
   1.6817500e+02
   1.6891111e+02
   1.6961389e+02
   1.7030556e+02
   1.7099444e+02
   1.7171944e+02
   1.7244722e+02
   1.7318889e+02
   1.7391389e+02
   1.7465556e+02
   1.7535833e+02
   1.7606111e+02
   1.7676111e+02
   1.7746111e+02
   1.7815000e+02
   1.7888889e+02
   1.7965000e+02
   1.8037778e+02
   1.8107500e+02
   1.8176944e+02
   1.8245833e+02
   1.8314722e+02
   1.8385556e+02
   1.8456667e+02
   1.8529167e+02
   1.8574444e+02
   1.8674167e+02
   1.8746111e+02
   1.8815278e+02
   1.8882778e+02
   1.8951389e+02
   1.9020833e+02
   1.9094444e+02
   1.9169167e+02
   1.9241389e+02
   1.9311667e+02
   1.9381111e+02
   1.9451944e+02
   1.9520000e+02
   1.9589722e+02
   1.9660833e+02
   1.9735000e+02
   1.9808611e+02
   1.9883056e+02
   1.9953056e+02
   2.0021667e+02
   2.0090556e+02
   2.0135000e+02
   2.0235000e+02
   2.0310278e+02
   2.0382778e+02
   2.0456111e+02
   2.0528333e+02
   2.0599722e+02
   2.0638889e+02
   2.0738333e+02
   2.0810000e+02
   2.0883889e+02
   2.0960833e+02
   2.1035000e+02
   2.1106389e+02
   2.1175556e+02
   2.1245556e+02
   2.1315556e+02
   2.1387778e+02
   2.1460278e+02
   2.1535000e+02
   2.1607778e+02
   2.1681944e+02
   2.1753333e+02
   2.1822222e+02
   2.1890833e+02
   2.1961667e+02
   2.2032222e+02
   2.2106389e+02
   2.2181944e+02
   2.2255278e+02
   2.2324722e+02
   2.2395556e+02
   2.2466944e+02
   2.2536111e+02
   2.2605278e+02
   2.2678056e+02
   2.2751667e+02
   2.2825278e+02
   2.2899167e+02
   2.2969167e+02
   2.3037222e+02
   2.3105833e+02
   2.3178889e+02
   2.3250833e+02
   2.3325000e+02
   2.3397500e+02
   2.3470000e+02
   2.3540556e+02
   2.3611944e+02
   2.3682500e+02
   2.3751389e+02
   2.3822222e+02
   2.3897500e+02
   2.3973333e+02
   2.4046944e+02
   2.4116667e+02
   2.4186389e+02
   2.4254722e+02
   2.4325556e+02
   2.4397778e+02
   2.4470556e+02
   2.4545833e+02
   2.4619722e+02
   2.4694722e+02
   2.4765556e+02
   2.4835556e+02
   2.4904167e+02
   2.4975556e+02
   2.5047500e+02
   2.5123056e+02
   2.5198333e+02
   2.5272222e+02
   2.5342500e+02
   2.5412778e+02
   2.5484722e+02
   2.5555556e+02
   2.5626111e+02
   2.5700278e+02
   2.5775556e+02
   2.5849722e+02
   2.5925000e+02
   2.5995278e+02
   2.6063333e+02
   2.6134167e+02
   2.6209444e+02
   2.6282778e+02
   2.6356667e+02
   2.6432222e+02
   2.6506389e+02
   2.6577778e+02
   2.6648889e+02
   2.6719167e+02
   2.6790278e+02
   2.6863056e+02
   2.6940278e+02
   2.7015556e+02
   2.7089167e+02
   2.7160278e+02
   2.7230556e+02
   2.7299167e+02
   2.7372500e+02
   2.7446667e+02
   2.7521389e+02
   2.7595278e+02
   2.7671111e+02
   2.7744722e+02
   2.7815278e+02
   2.7884167e+02
   2.7954167e+02
   2.8025833e+02
   2.8101389e+02
   2.8177778e+02
   2.8250000e+02
   2.8321667e+02
   2.8365278e+02
   2.8463611e+02
   2.8533056e+02
   2.8603611e+02
   2.8676111e+02
   2.8750556e+02
   2.8822778e+02
   2.8895833e+02
   2.8966111e+02
   2.9035278e+02
   2.9103056e+02
   2.9174167e+02
   2.9247778e+02
   2.9321667e+02
   2.9393611e+02
   2.9466667e+02
   2.9538056e+02
   2.9607778e+02
   2.9678056e+02
   2.9746944e+02
   2.9817778e+02
   2.9889722e+02
   2.9965556e+02
   3.0007778e+02
   3.0109444e+02
   3.0179444e+02
   3.0248611e+02
   3.0316389e+02
   3.0387778e+02
   3.0461389e+02
   3.0535000e+02
   3.0607500e+02
   3.0681111e+02
   3.0754167e+02
   3.0823056e+02
   3.0890556e+02
   3.0960000e+02
   3.1030833e+02
   3.1104444e+02
   3.1179722e+02
   3.1251944e+02
   3.1323056e+02
   3.1392500e+02
   3.1463889e+02
   3.1532778e+02
   3.1603611e+02
   3.1676111e+02
   3.1750833e+02
   3.1824167e+02
   3.1898056e+02
   3.1968611e+02
   3.2038056e+02
   3.2105833e+02
   3.2176944e+02
   3.2251111e+02
   3.2326389e+02
   3.2399444e+02
   3.2472222e+02
   3.2543611e+02
   3.2614444e+02
   3.2685278e+02
   3.2754444e+02
   3.2825833e+02
   3.2873056e+02
   3.2976111e+02
   3.3050278e+02
   3.3121389e+02
   3.3190556e+02
   3.3260278e+02
   3.3329722e+02
   3.3400833e+02
   3.3474167e+02
   3.3548889e+02
   3.3620556e+02
   3.3694722e+02
   3.3766389e+02
   3.3836389e+02
   3.3904167e+02
   3.3975000e+02
   3.4046389e+02
   3.4121667e+02
   3.4197778e+02
   3.4271389e+02
   3.4341111e+02
   3.4410833e+02
   3.4483333e+02
   3.4553056e+02
   3.4623333e+02
   3.4697500e+02
   3.4772778e+02
   3.4846667e+02
   3.4920833e+02
   3.4991389e+02
   3.5030833e+02
   3.5129444e+02
   3.5203889e+02
   3.5277778e+02
   3.5352500e+02
   3.5426667e+02
   3.5499444e+02
   3.5569722e+02
   3.5641389e+02
   3.5712500e+02
   3.5783056e+02
   3.5855278e+02
   3.5930833e+02
   3.6007222e+02
   3.6080833e+02
   3.6150556e+02
   3.6220000e+02
   3.6290278e+02
   3.6361111e+02
   3.6433611e+02
   3.6506667e+02
   3.6580556e+02
   3.6653611e+02
   3.6727500e+02
   3.6796944e+02
   3.6865833e+02
   3.6934444e+02
   3.7006111e+02
   3.7079167e+02
   3.7154722e+02
   3.7229444e+02
   3.7302222e+02
   3.7370833e+02
   3.7441111e+02
   3.7513056e+02
   3.7584167e+02
   3.7655278e+02
   3.7729722e+02
   3.7804167e+02
   3.7878889e+02
   3.7951667e+02
   3.8021667e+02
   3.8090556e+02
   3.8160833e+02
   3.8236111e+02
   3.8310278e+02
   3.8384444e+02
   3.8457500e+02
   3.8531111e+02
   3.8600556e+02
   3.8671944e+02
   3.8742778e+02
   3.8813611e+02
   3.8887222e+02
   3.8964444e+02
   3.9040000e+02
   3.9113056e+02
   3.9183333e+02
   3.9252222e+02
   3.9321944e+02
   3.9395278e+02
   3.9470278e+02
   3.9544444e+02
   3.9617500e+02
   3.9692500e+02
   3.9765278e+02
   3.9835556e+02
   3.9904444e+02
   3.9975556e+02
   4.0048611e+02
   4.0124444e+02
   4.0200556e+02
   4.0273889e+02
   4.0345833e+02
   4.0415556e+02
   4.0486944e+02
   4.0557778e+02
   4.0629722e+02
   4.0702778e+02
   4.0777778e+02
   4.0819167e+02
   4.0924444e+02
   4.0995278e+02
   4.1065000e+02
   4.1133889e+02
   4.1206111e+02
   4.1281111e+02
   4.1356667e+02
   4.1428611e+02
   4.1500278e+02
   4.1570278e+02
   4.1640278e+02
   4.1711389e+02
   4.1781944e+02
   4.1853056e+02
   4.1926944e+02
   4.2003611e+02
   4.2075556e+02
   4.2145278e+02
   4.2214444e+02
   4.2284167e+02
   4.2353889e+02
   4.2426111e+02
   4.2500278e+02
   4.2574444e+02
   4.2647222e+02
   4.2721111e+02
   4.2792500e+02
   4.2862500e+02
   4.2932222e+02
   4.3004444e+02
   4.3077500e+02
   4.3153611e+02
   4.3230278e+02
   4.3301667e+02
   4.3371111e+02
   4.3441389e+02
   4.3513056e+02
   4.3557222e+02
   4.3657222e+02
   4.3730833e+02
   4.3805000e+02
   4.3878889e+02
   4.3950833e+02
   4.4019444e+02
   4.4088611e+02
   4.4157500e+02
   4.4230556e+02
   4.4304722e+02
   4.4378889e+02
   4.4451944e+02
   4.4522778e+02
   4.4591944e+02
   4.4661389e+02
   4.4731667e+02
   4.4802222e+02
   4.4874167e+02
   4.4948611e+02
   4.5024722e+02
   4.5097222e+02
   4.5165278e+02
   4.5233889e+02
   4.5303611e+02
   4.5373889e+02
   4.5446667e+02
   4.5488611e+02
   4.5594722e+02
   4.5668333e+02
   4.5741389e+02
   4.5811667e+02
   4.5881111e+02
   4.5950278e+02
   4.6022222e+02
   4.6068611e+02
   4.6171111e+02
   4.6247778e+02
   4.6320000e+02
   4.6388611e+02
   4.6459444e+02
   4.6531111e+02
   4.6602222e+02
   4.6674444e+02
   4.6748889e+02
   4.6822778e+02
   4.6896389e+02
   4.6968611e+02
   4.7037500e+02
   4.7107222e+02
   4.7178333e+02
   4.7254167e+02
   4.7328056e+02
   4.7402778e+02
   4.7476389e+02
   4.7548889e+02
   4.7618889e+02
   4.7689722e+02
   4.7760000e+02
   4.7832500e+02
   4.7905833e+02
   4.7980833e+02
   4.8055556e+02
   4.8128333e+02
   4.8196944e+02
   4.8265833e+02
   4.8314444e+02
   4.8408889e+02
   4.8484167e+02
   4.8557222e+02
   4.8630833e+02
   4.8702222e+02
   4.8775278e+02
   4.8844167e+02
   4.8913056e+02
   4.8982222e+02
   4.9055833e+02
   4.9130833e+02
   4.9205000e+02
   4.9278333e+02
   4.9349444e+02
   4.9417222e+02
   4.9487778e+02
   4.9558889e+02
   4.9630278e+02
   4.9701111e+02
   4.9775556e+02
   4.9848056e+02
   4.9920278e+02
   4.9991944e+02
   5.0060000e+02
   5.0128611e+02
   5.0200278e+02
   5.0276111e+02
   5.0349722e+02
   5.0422778e+02
   5.0495556e+02
   5.0566111e+02
   5.0635556e+02
   5.0706389e+02
   5.0777500e+02
   5.0849722e+02
   5.0923056e+02
   5.0999444e+02
   5.1073611e+02
   5.1145556e+02
   5.1214444e+02
   5.1283611e+02
   5.1353056e+02
   5.1427222e+02
   5.1502500e+02
   5.1576944e+02
   5.1650556e+02
   5.1723611e+02
   5.1795556e+02
   5.1866111e+02
   5.1935000e+02
   5.2006389e+02
   5.2080278e+02
   5.2156111e+02
   5.2230833e+02
   5.2302500e+02
   5.2372778e+02
   5.2441389e+02
   5.2512778e+02
   5.2583056e+02
   5.2655278e+02
   5.2728056e+02
   5.2803056e+02
   5.2876667e+02
   5.2948056e+02
   5.3018611e+02
   5.3087778e+02
   5.3156944e+02
   5.3229722e+02
   5.3305556e+02
   5.3380278e+02
   5.3452778e+02
   5.3525556e+02
   5.3595000e+02
   5.3665278e+02
   5.3736944e+02
   5.3808611e+02
   5.3881944e+02
   5.3956667e+02
   5.4033333e+02
   5.4106389e+02
   5.4176667e+02
   5.4246111e+02
   5.4316944e+02
   5.4388056e+02
   5.4463611e+02
   5.4538611e+02
   5.4613056e+02
   5.4686111e+02
   5.4760000e+02
   5.4831111e+02
   5.4901667e+02
   5.4972500e+02
   5.5045556e+02
   5.5091389e+02
   5.5195556e+02
   5.5270556e+02
   5.5341111e+02
   5.5410000e+02
   5.5480556e+02
   5.5551944e+02
   5.5622778e+02
   5.5695278e+02
   5.5768056e+02
   5.5841667e+02
   5.5913889e+02
   5.5984444e+02
   5.6052778e+02
   5.6121944e+02
   5.6192778e+02
   5.6266944e+02
   5.6341111e+02
   5.6415556e+02
   5.6487222e+02
   5.6557778e+02
   5.6626944e+02
   5.6697222e+02
   5.6768333e+02
   5.6841389e+02
   5.6913611e+02
   5.6988333e+02
   5.7064167e+02
   5.7136111e+02
   5.7204167e+02
   5.7272778e+02
   5.7343333e+02
   5.7415833e+02
   5.7490833e+02
   5.7565556e+02
   5.7639167e+02
   5.7712500e+02
   5.7786111e+02
   5.7855833e+02
   5.7925000e+02
   5.7996389e+02
   5.8071667e+02
   5.8146667e+02
   5.8222500e+02
   5.8296389e+02
   5.8367778e+02
   5.8436667e+02
   5.8509444e+02
   5.8581111e+02
   5.8654444e+02
   5.8728889e+02
   5.8803056e+02
   5.8875278e+02
   5.8948056e+02
   5.9020278e+02
   5.9088889e+02
   5.9158333e+02
   5.9232222e+02
   5.9309167e+02
   5.9384444e+02
   5.9457778e+02
   5.9530278e+02
   5.9600833e+02
   5.9672500e+02
   5.9744722e+02
   5.9815833e+02
   5.9890278e+02
   5.9965556e+02
   6.0042778e+02
   6.0115833e+02
   6.0186667e+02
   6.0256111e+02
   6.0327222e+02
   6.0398889e+02
   6.0473333e+02
   6.0549167e+02
   6.0624167e+02
   6.0696111e+02
   6.0768333e+02
   6.0839444e+02
   6.0910278e+02
   6.0980000e+02
   6.1053333e+02
   6.1128056e+02
   6.1203889e+02
   6.1279722e+02
   6.1351667e+02
   6.1420833e+02
   6.1491944e+02
   6.1564722e+02
   6.1638056e+02
   6.1711667e+02
   6.1786111e+02
   6.1860833e+02
   6.1933611e+02
   6.2006944e+02
   6.2076667e+02
   6.2146944e+02
   6.2219167e+02
   6.2296667e+02
   6.2371389e+02
   6.2446111e+02
   6.2518333e+02
   6.2590000e+02
   6.2660556e+02
   6.2732500e+02
   6.2804167e+02
   6.2878056e+02
   6.2952778e+02
   6.3028889e+02
   6.3103056e+02
   6.3173611e+02
   6.3243889e+02
   6.3314167e+02
   6.3384444e+02
   6.3459444e+02
   6.3535556e+02
   6.3610556e+02
   6.3683056e+02
   6.3756389e+02
   6.3827778e+02
   6.3898611e+02
   6.3968611e+02
   6.4041111e+02
   6.4115833e+02
   6.4191667e+02
   6.4239722e+02
   6.4339444e+02
   6.4410278e+02
   6.4479722e+02
   6.4552778e+02
   6.4626389e+02
   6.4699722e+02
   6.4774722e+02
   6.4850000e+02
   6.4923333e+02
   6.4995556e+02
   6.5065833e+02
   6.5136111e+02
   6.5207222e+02
   6.5284444e+02
   6.5360833e+02
   6.5435556e+02
   6.5508333e+02
   6.5580833e+02
   6.5650556e+02
   6.5721667e+02
   6.5794722e+02
   6.5869722e+02
   6.5943889e+02
   6.6020833e+02
   6.6095833e+02
   6.6135278e+02
   6.6234722e+02
   6.6305000e+02
   6.6375556e+02
   6.6448611e+02
   6.6525833e+02
   6.6600000e+02
   6.6671667e+02
   6.6744167e+02
   6.6815556e+02
   6.6885556e+02
   6.6954444e+02
   6.7025278e+02
   6.7099722e+02
   6.7174444e+02
   6.7216944e+02
   6.7320000e+02
   6.7391111e+02
   6.7460000e+02
   6.7530000e+02
   6.7601667e+02
   6.7675278e+02
   6.7748333e+02
   6.7821111e+02
   6.7893611e+02
   6.7964722e+02
   6.8034444e+02
   6.8103333e+02
   6.8172500e+02
   6.8245556e+02
   6.8321667e+02
   6.8395833e+02
   6.8467500e+02
   6.8538611e+02
   6.8609167e+02
   6.8679167e+02
   6.8749167e+02
   6.8820556e+02
   6.8893611e+02
   6.8967222e+02
   6.9043056e+02
   6.9115556e+02
   6.9185278e+02
   6.9253056e+02
   6.9323333e+02
   6.9393056e+02
   6.9467500e+02
   6.9544167e+02
   6.9618056e+02
   6.9689444e+02
   6.9760556e+02
   6.9832778e+02
   6.9902222e+02
   6.9970833e+02
   7.0043611e+02
   7.0117778e+02
   7.0193333e+02
   7.0268889e+02
   7.0340000e+02
   7.0409444e+02
   7.0480000e+02
   7.0553056e+02
   7.0625833e+02
   7.0673611e+02
   7.0775556e+02
   7.0850833e+02
   7.0923611e+02
   7.0996389e+02
   7.1066111e+02
   7.1137222e+02
   7.1209167e+02
   7.1286111e+02
   7.1362500e+02
   7.1438333e+02
   7.1511944e+02
   7.1583333e+02
   7.1653889e+02
   7.1726667e+02
   7.1800556e+02
   7.1875556e+02
   7.1950556e+02
   7.2027500e+02
   7.2103333e+02
   7.2175000e+02
   7.2245278e+02
   7.2316111e+02
   7.2388611e+02
   7.2464722e+02
   7.2542778e+02
   7.2619444e+02
   7.2693333e+02
   7.2766667e+02
   7.2840000e+02
   7.2912500e+02
   7.2982778e+02
   7.3056944e+02
   7.3133333e+02
   7.3210000e+02
   7.3286389e+02
   7.3359167e+02
   7.3428611e+02
   7.3500278e+02
   7.3574722e+02
   7.3647778e+02
   7.3722222e+02
   7.3797778e+02
   7.3873056e+02
   7.3946667e+02
   7.4019444e+02
   7.4090278e+02
   7.4160833e+02
   7.4234167e+02
   7.4312778e+02
   7.4387778e+02
   7.4462778e+02
   7.4535278e+02
   7.4606667e+02
   7.4676944e+02
   7.4749722e+02
   7.4822500e+02
   7.4868056e+02
   7.4971389e+02
   7.5048889e+02
   7.5121667e+02
   7.5193611e+02
   7.5262778e+02
   7.5332778e+02
   7.5404167e+02
   7.5479722e+02
   7.5555556e+02
   7.5629444e+02
   7.5702222e+02
   7.5774444e+02
   7.5846389e+02
   7.5917778e+02
   7.5988056e+02
   7.6061389e+02
   7.6136667e+02
   7.6213333e+02
   7.6288333e+02
   7.6359444e+02
   7.6428889e+02
   7.6498889e+02
   7.6572500e+02
   7.6645000e+02
   7.6718333e+02
   7.6792222e+02
   7.6866667e+02
   7.6938611e+02
   7.7008889e+02
   7.7079167e+02
   7.7150278e+02
   7.7220833e+02
   7.7297500e+02
   7.7373333e+02
   7.7448056e+02
   7.7520000e+02
   7.7591111e+02
   7.7660000e+02
   7.7731111e+02
   7.7805278e+02
   7.7878611e+02
   7.7951111e+02
   7.8026667e+02
   7.8101667e+02
   7.8171944e+02
   7.8239444e+02
   7.8309167e+02
   7.8379167e+02
   7.8452778e+02
   7.8528611e+02
   7.8601944e+02
   7.8675000e+02
   7.8746389e+02
   7.8818333e+02
   7.8886944e+02
   7.8956389e+02
   7.9027778e+02
   7.9101667e+02
   7.9175000e+02
   7.9249167e+02
   7.9321111e+02
   7.9390833e+02
   7.9459167e+02
   7.9529444e+02
   7.9600278e+02
   7.9674167e+02
   7.9746667e+02
   7.9819722e+02
   7.9892222e+02
   7.9963333e+02
   8.0033889e+02
   8.0102222e+02
   8.0171944e+02
   8.0242778e+02
   8.0318333e+02
   8.0393056e+02
   8.0466111e+02
   8.0535556e+02
   8.0605556e+02
   8.0674444e+02
   8.0745000e+02
   8.0817500e+02
   8.0891111e+02
   8.0963889e+02
   8.1039167e+02
   8.1113056e+02
   8.1183889e+02
   8.1251111e+02
   8.1321111e+02
   8.1391667e+02
   8.1464722e+02
   8.1540833e+02
   8.1614167e+02
   8.1685833e+02
   8.1756667e+02
   8.1828611e+02
   8.1897500e+02
   8.1966389e+02
   8.2038056e+02
   8.2112222e+02
   8.2184722e+02
   8.2259167e+02
   8.2331111e+02
   8.2372500e+02
   8.2467500e+02
   8.2539167e+02
   8.2611111e+02
   8.2683889e+02
   8.2756389e+02
   8.2828889e+02
   8.2900278e+02
   8.2971389e+02
   8.3041944e+02
   8.3110278e+02
   8.3179167e+02
   8.3251111e+02
   8.3326944e+02
   8.3400556e+02
   8.3473056e+02
   8.3543056e+02
   8.3612778e+02
   8.3682222e+02
   8.3753056e+02
   8.3824167e+02
   8.3897778e+02
   8.3970833e+02
   8.4044722e+02
   8.4117222e+02
   8.4186944e+02
   8.4253889e+02
   8.4322500e+02
   8.4392222e+02
   8.4465556e+02
   8.4540000e+02
   8.4612778e+02
   8.4684167e+02
   8.4753611e+02
   8.4823333e+02
   8.4891667e+02
   8.4959444e+02
   8.5028889e+02
   8.5102222e+02
   8.5173889e+02
   8.5246389e+02
   8.5317778e+02
   8.5386667e+02
   8.5452222e+02
   8.5520833e+02
   8.5592222e+02
   8.5664167e+02
   8.5735278e+02
   8.5806944e+02
   8.5879167e+02
   8.5948889e+02
   8.6017778e+02
   8.6085833e+02
   8.6153333e+02
   8.6222222e+02
   8.6296389e+02
   8.6369722e+02
   8.6441944e+02
   8.6511667e+02
   8.6550833e+02
   8.6646667e+02
   8.6715833e+02
   8.6785833e+02
   8.6855556e+02
   8.6926667e+02
   8.6998611e+02
   8.7071944e+02
   8.7139722e+02
   8.7206389e+02
   8.7271944e+02
   8.7338333e+02
   8.7405000e+02
   8.7475278e+02
   8.7548056e+02
   8.7615833e+02
   8.7684722e+02
   8.7751944e+02
   8.7818333e+02
   8.7884722e+02
   8.7951111e+02
   8.8018611e+02
   8.8088889e+02
   8.8159722e+02
   8.8231667e+02
   8.8302778e+02
   8.8370556e+02
   8.8437222e+02
   8.8504167e+02
   8.8574722e+02
   8.8644722e+02
   8.8715556e+02
   8.8786111e+02
   8.8858611e+02
   8.8928333e+02
   8.8996667e+02
   8.9064722e+02
   8.9133333e+02
   8.9201111e+02
   8.9273333e+02
   8.9347778e+02
   8.9420000e+02
   8.9489444e+02
   8.9558611e+02
   8.9627222e+02
   8.9695278e+02
   8.9764722e+02
   8.9834722e+02
   8.9907778e+02
   8.9980278e+02
   9.0053889e+02
   9.0125833e+02
   9.0194722e+02
   9.0262222e+02
   9.0331944e+02
   9.0401111e+02
   9.0474167e+02
   9.0550278e+02
   9.0622500e+02
   9.0693333e+02
   9.0764167e+02
   9.0836111e+02
   9.0904722e+02
   9.0974444e+02
   9.1045833e+02
   9.1120833e+02
   9.1195000e+02
   9.1269722e+02
   9.1341389e+02
   9.1410833e+02
   9.1480556e+02
   9.1552500e+02
   9.1625556e+02
   9.1699722e+02
   9.1773889e+02
   9.1847500e+02
   9.1919722e+02
   9.1991111e+02
   9.2061667e+02
   9.2131389e+02
   9.2201944e+02
   9.2276389e+02
   9.2353056e+02
   9.2427500e+02
   9.2499444e+02
   9.2569167e+02
   9.2639167e+02
   9.2710278e+02
   9.2781389e+02
   9.2853889e+02
   9.2928333e+02
   9.3001667e+02
   9.3077222e+02
   9.3149444e+02
   9.3218611e+02
   9.3287778e+02
   9.3358889e+02
   9.3430556e+02
   9.3505833e+02
   9.3581944e+02
   9.3656111e+02
   9.3726944e+02
   9.3798611e+02
   9.3869722e+02
   9.3940000e+02
   9.4010278e+02
   9.4083889e+02
   9.4158056e+02
   9.4233333e+02
   9.4308333e+02
   9.4378333e+02
   9.4446944e+02
   9.4518056e+02
   9.4591389e+02
   9.4664722e+02
   9.4738333e+02
   9.4814167e+02
   9.4887222e+02
   9.4959722e+02
   9.5031667e+02
   9.5100833e+02
   9.5171111e+02
   9.5244167e+02
   9.5320556e+02
   9.5394167e+02
   9.5468889e+02
   9.5540833e+02
   9.5611389e+02
   9.5681389e+02
   9.5754167e+02
   9.5827500e+02
   9.5901667e+02
   9.5976667e+02
   9.6053056e+02
   9.6127500e+02
   9.6199722e+02
   9.6268889e+02
   9.6340000e+02
   9.6412778e+02
   9.6489722e+02
   9.6566111e+02
   9.6641944e+02
   9.6714722e+02
   9.6788056e+02
   9.6860556e+02
   9.6932222e+02
   9.7003056e+02
   9.7076944e+02
   9.7152500e+02
   9.7227500e+02
   9.7301389e+02
   9.7372778e+02
   9.7442222e+02
   9.7513333e+02
   9.7587500e+02
   9.7661667e+02
   9.7735278e+02
   9.7810833e+02
   9.7885000e+02
   9.7958056e+02
   9.8030556e+02
   9.8101667e+02
   9.8173056e+02
   9.8246667e+02
   9.8325000e+02
   9.8399444e+02
   9.8472500e+02
   9.8545278e+02
   9.8616389e+02
   9.8688056e+02
   9.8761944e+02
   9.8836389e+02
   9.8912222e+02
   9.8988611e+02
   9.9067778e+02
   9.9141111e+02
   9.9213056e+02
   9.9284167e+02
   9.9356944e+02
   9.9431111e+02
   9.9507222e+02
   9.9581944e+02
   9.9656389e+02
   9.9728889e+02
   9.9801111e+02
   9.9871389e+02
   9.9942778e+02
   1.0001528e+03
   1.0009028e+03
   1.0016528e+03
   1.0024083e+03
   1.0031472e+03
   1.0038528e+03
   1.0045389e+03
   1.0052556e+03
   1.0059833e+03
   1.0067361e+03
   1.0074722e+03
   1.0082111e+03
   1.0089472e+03
   1.0096639e+03
   1.0103722e+03
   1.0110667e+03
   1.0117722e+03
   1.0124917e+03
   1.0132694e+03
   1.0140194e+03
   1.0147472e+03
   1.0154528e+03
   1.0161583e+03
   1.0168528e+03
   1.0175583e+03
   1.0182778e+03
   1.0190083e+03
   1.0197361e+03
   1.0204889e+03
   1.0212167e+03
   1.0219111e+03
   1.0225889e+03
   1.0232861e+03
   1.0239778e+03
   1.0247083e+03
   1.0254611e+03
   1.0261833e+03
   1.0268889e+03
   1.0275917e+03
   1.0282972e+03
   1.0289694e+03
   1.0296500e+03
   1.0299361e+03
   1.0303528e+03
   1.0307944e+03
   1.0310833e+03
   1.0315944e+03
   1.0324472e+03
   1.0332333e+03
   1.0339083e+03
   1.0345694e+03
   1.0352500e+03
   1.0359500e+03
   1.0366556e+03
   1.0373611e+03
   1.0380750e+03
   1.0387750e+03
   1.0394750e+03
   1.0401611e+03
   1.0408306e+03
   1.0415111e+03
   1.0422028e+03
   1.0429306e+03
   1.0436611e+03
   1.0443861e+03
   1.0450694e+03
   1.0457444e+03
   1.0464139e+03
   1.0471000e+03
   1.0477889e+03
   1.0484778e+03
   1.0491917e+03
   1.0499028e+03
   1.0506333e+03
   1.0513222e+03
   1.0519917e+03
   1.0526528e+03
   1.0533250e+03
   1.0540083e+03
   1.0547222e+03
   1.0554556e+03
   1.0561694e+03
   1.0568583e+03
   1.0575389e+03
   1.0582306e+03
   1.0588972e+03
   1.0595583e+03
   1.0602472e+03
   1.0609611e+03
   1.0616667e+03
   1.0623833e+03
   1.0630861e+03
   1.0637611e+03
   1.0644056e+03
   1.0650750e+03
   1.0657750e+03
   1.0664694e+03
   1.0671611e+03
   1.0678611e+03
   1.0685667e+03
   1.0692417e+03
   1.0699139e+03
   1.0705778e+03
   1.0712333e+03
   1.0718861e+03
   1.0725889e+03
   1.0733194e+03
   1.0740194e+03
   1.0747028e+03
   1.0753806e+03
   1.0760500e+03
   1.0767083e+03
   1.0773861e+03
   1.0780667e+03
   1.0787639e+03
   1.0794639e+03
   1.0801778e+03
   1.0808889e+03
   1.0815694e+03
   1.0822194e+03
   1.0828833e+03
   1.0835583e+03
   1.0842528e+03
   1.0849694e+03
   1.0856833e+03
   1.0863972e+03
   1.0870861e+03
   1.0877611e+03
   1.0884500e+03
   1.0891250e+03
   1.0897889e+03
   1.0904722e+03
   1.0911944e+03
   1.0919222e+03
   1.0926361e+03
   1.0933167e+03
   1.0939972e+03
   1.0946583e+03
   1.0953444e+03
   1.0960361e+03
   1.0967528e+03
   1.0974500e+03
   1.0981611e+03
   1.0988611e+03
   1.0995528e+03
   1.1002361e+03
   1.1009028e+03
   1.1015750e+03
   1.1022694e+03
   1.1030083e+03
   1.1037278e+03
   1.1044361e+03
   1.1051333e+03
   1.1058167e+03
   1.1064806e+03
   1.1072361e+03
   1.1078722e+03
   1.1085750e+03
   1.1092806e+03
   1.1100111e+03
   1.1107500e+03
   1.1114417e+03
   1.1121139e+03
   1.1127972e+03
   1.1134833e+03
   1.1141833e+03
   1.1149194e+03
   1.1156500e+03
   1.1163722e+03
   1.1170694e+03
   1.1177778e+03
   1.1184667e+03
   1.1191583e+03
   1.1198417e+03
   1.1205528e+03
   1.1212861e+03
   1.1220333e+03
   1.1227778e+03
   1.1234694e+03
   1.1241444e+03
   1.1248278e+03
   1.1255417e+03
   1.1262444e+03
   1.1269667e+03
   1.1276861e+03
   1.1284139e+03
   1.1291139e+03
   1.1298083e+03
   1.1304972e+03
   1.1311806e+03
   1.1318667e+03
   1.1325833e+03
   1.1333389e+03
   1.1340750e+03
   1.1347639e+03
   1.1354528e+03
   1.1361333e+03
   1.1368056e+03
   1.1374917e+03
   1.1381694e+03
   1.1388917e+03
   1.1395972e+03
   1.1403250e+03
   1.1410556e+03
   1.1417389e+03
   1.1423972e+03
   1.1430722e+03
   1.1437528e+03
   1.1444667e+03
   1.1452056e+03
   1.1459222e+03
   1.1466250e+03
   1.1473167e+03
   1.1480056e+03
   1.1486778e+03
   1.1493528e+03
   1.1500417e+03
   1.1507583e+03
   1.1514778e+03
   1.1522139e+03
   1.1529389e+03
   1.1536306e+03
   1.1543000e+03
   1.1550000e+03
   1.1557111e+03
   1.1564167e+03
   1.1571361e+03
   1.1578722e+03
   1.1585972e+03
   1.1593111e+03
   1.1600111e+03
   1.1606944e+03
   1.1613806e+03
   1.1620833e+03
   1.1628222e+03
   1.1635528e+03
   1.1642861e+03
   1.1649889e+03
   1.1656750e+03
   1.1663417e+03
   1.1670361e+03
   1.1677333e+03
   1.1684250e+03
   1.1691389e+03
   1.1698667e+03
   1.1706028e+03
   1.1713056e+03
   1.1719806e+03
   1.1726556e+03
   1.1733417e+03
   1.1740389e+03
   1.1747639e+03
   1.1754917e+03
   1.1762111e+03
   1.1769111e+03
   1.1776083e+03
   1.1783056e+03
   1.1789889e+03
   1.1796500e+03
   1.1803444e+03
   1.1810639e+03
   1.1817889e+03
   1.1825083e+03
   1.1831972e+03
   1.1838722e+03
   1.1845361e+03
   1.1852194e+03
   1.1859083e+03
   1.1863250e+03
   1.1873028e+03
   1.1880250e+03
   1.1887167e+03
   1.1893972e+03
   1.1900806e+03
   1.1907389e+03
   1.1913972e+03
   1.1920667e+03
   1.1927861e+03
   1.1934889e+03
   1.1941250e+03
   1.1948806e+03
   1.1954278e+03
   1.1958861e+03
   1.1960722e+03
   1.1968500e+03
   1.1975278e+03
   1.1981889e+03
   1.1988722e+03
   1.1995639e+03
   1.2002722e+03
   1.2009444e+03
   1.2016028e+03
   1.2022333e+03
   1.2024944e+03
   1.2028639e+03
   1.2035056e+03
   1.2041833e+03
   1.2046000e+03
   1.2055000e+03
   1.2062417e+03
   1.2066389e+03
   1.2079722e+03
   1.2082250e+03
   1.2086194e+03
   1.2094833e+03
   1.2110056e+03
   1.2115000e+03
   1.2121861e+03
   1.2128583e+03
   1.2136806e+03
   1.2141472e+03
   1.2147250e+03
   1.2150556e+03
   1.2153167e+03
   1.2161972e+03
   1.2164833e+03
   1.2175389e+03
   1.2178667e+03
   1.2188250e+03
   1.2195444e+03
   1.2200944e+03
   1.2210528e+03
   1.2213944e+03
   1.2220250e+03
   1.2226028e+03
   1.2234167e+03
   1.2240611e+03
   1.2246139e+03
   1.2251444e+03
   1.2261972e+03
   1.2266222e+03
   1.2273528e+03
   1.2277583e+03
   1.2279000e+03
   1.2285583e+03
   1.2292194e+03
   1.2300278e+03
   1.2306000e+03
   1.2312611e+03
   1.2318889e+03
   1.2325250e+03
   1.2331722e+03
   1.2335944e+03
   1.2344472e+03
   1.2351750e+03
   1.2358528e+03
   1.2365167e+03
   1.2371750e+03
   1.2378444e+03
   1.2384806e+03
   1.2391222e+03
   1.2397611e+03
   1.2404278e+03
   1.2410917e+03
   1.2417861e+03
   1.2424806e+03
   1.2429917e+03
   1.2437722e+03
   1.2442500e+03
   1.2445694e+03
   1.2450500e+03
   1.2457778e+03
   1.2465500e+03
   1.2470306e+03
   1.2477028e+03
   1.2483694e+03
   1.2490306e+03
   1.2496833e+03
   1.2504750e+03
   1.2509361e+03
   1.2515667e+03
   1.2522250e+03
   1.2529083e+03
   1.2535861e+03
   1.2542583e+03
   1.2549056e+03
   1.2555500e+03
   1.2561806e+03
   1.2568167e+03
   1.2574639e+03
   1.2581083e+03
   1.2587833e+03
   1.2594556e+03
   1.2601500e+03
   1.2608278e+03
   1.2614833e+03
   1.2621056e+03
   1.2627389e+03
   1.2633778e+03
   1.2640417e+03
   1.2647222e+03
   1.2654000e+03
   1.2660861e+03
   1.2667389e+03
   1.2673944e+03
   1.2680500e+03
   1.2685306e+03
   1.2693083e+03
   1.2697417e+03
   1.2707611e+03
   1.2713000e+03
   1.2719806e+03
   1.2726639e+03
   1.2733111e+03
   1.2739306e+03
   1.2745556e+03
   1.2752111e+03
   1.2758528e+03
   1.2765051e+03
   1.2771634e+03
   1.2778328e+03
   1.2784856e+03
   1.2791412e+03
   1.2797828e+03
   1.2804023e+03
   1.2810162e+03
   1.2816328e+03
   1.2822967e+03
   1.2829773e+03
   1.2836356e+03
   1.2842828e+03
   1.2849356e+03
   1.2855745e+03
   1.2861912e+03
   1.2868162e+03
   1.2871051e+03
   1.2878773e+03
   1.2887495e+03
   1.2894273e+03
   1.2901106e+03
   1.2907578e+03
   1.2914023e+03
   1.2920245e+03
   1.2926356e+03
   1.2932578e+03
   1.2939051e+03
   1.2945717e+03
   1.2952356e+03
   1.2959078e+03
   1.2965606e+03
   1.2972134e+03
   1.2978606e+03
   1.2984884e+03
   1.2991078e+03
   1.2997328e+03
   1.3003856e+03
   1.3010467e+03
   1.3015745e+03
   1.3020467e+03
   1.3024051e+03
   1.3030578e+03
   1.3049467e+03
   1.3055912e+03
   1.3062412e+03
   1.3065745e+03
   1.3069606e+03
   1.3074078e+03
   1.3082301e+03
   1.3088995e+03
   1.3095467e+03
   1.3099828e+03
   1.3105606e+03
   1.3114328e+03
   1.3120523e+03
   1.3130634e+03
   1.3134190e+03
   1.3141078e+03
   1.3147745e+03
   1.3154301e+03
   1.3160578e+03
   1.3166801e+03
   1.3173384e+03
   1.3179801e+03
   1.3186384e+03
   1.3193162e+03
   1.3199578e+03
   1.3205273e+03
   1.3213412e+03
   1.3219634e+03
   1.3227495e+03
   1.3232217e+03
   1.3238662e+03
   1.3246134e+03
   1.3252078e+03
   1.3261884e+03
   1.3265245e+03
   1.3270023e+03
   1.3275578e+03
   1.3278023e+03
   1.3284745e+03
   1.3290995e+03
   1.3293912e+03
   1.3297440e+03
   1.3304078e+03
   1.3313495e+03
   1.3317717e+03
   1.3324606e+03
   1.3331051e+03
   1.3337384e+03
   1.3343856e+03
   1.3350440e+03
   1.3356884e+03
   1.3363639e+03
   1.3370389e+03
   1.3377167e+03
   1.3383944e+03
   1.3390750e+03
   1.3394194e+03
   1.3397278e+03
   1.3403583e+03
   1.3410056e+03
   1.3416472e+03
   1.3423250e+03
   1.3430167e+03
   1.3437139e+03
   1.3443889e+03
   1.3450444e+03
   1.3456944e+03
   1.3463444e+03
   1.3469889e+03
   1.3476972e+03
   1.3483028e+03
   1.3489639e+03
   1.3496472e+03
   1.3503417e+03
   1.3510083e+03
   1.3516361e+03
   1.3522667e+03
   1.3529056e+03
   1.3535389e+03
   1.3541917e+03
   1.3548750e+03
   1.3555472e+03
   1.3559500e+03
   1.3568583e+03
   1.3575361e+03
   1.3581639e+03
   1.3587917e+03
   1.3594111e+03
   1.3600583e+03
   1.3607167e+03
   1.3614000e+03
   1.3618167e+03
   1.3627556e+03
   1.3634083e+03
   1.3640306e+03
   1.3646778e+03
   1.3653167e+03
   1.3659528e+03
   1.3666028e+03
   1.3672778e+03
   1.3679472e+03
   1.3686139e+03
   1.3692722e+03
   1.3699111e+03
   1.3705361e+03
   1.3711556e+03
   1.3718056e+03
   1.3724806e+03
   1.3731472e+03
   1.3738222e+03
   1.3744917e+03
   1.3751444e+03
   1.3757694e+03
   1.3764139e+03
   1.3770611e+03
   1.3777000e+03
   1.3783583e+03
   1.3790278e+03
   1.3797250e+03
   1.3804056e+03
   1.3810722e+03
   1.3817000e+03
   1.3823250e+03
   1.3829556e+03
   1.3836083e+03
   1.3842750e+03
   1.3849417e+03
   1.3856167e+03
   1.3862778e+03
   1.3869528e+03
   1.3876139e+03
   1.3882528e+03
   1.3888694e+03
   1.3895028e+03
   1.3901611e+03
   1.3908250e+03
   1.3915083e+03
   1.3921861e+03
   1.3928444e+03
   1.3934806e+03
   1.3941111e+03
   1.3947639e+03
   1.3954000e+03
   1.3960472e+03
   1.3967056e+03
   1.3973806e+03
   1.3980500e+03
   1.3987194e+03
   1.3993778e+03
   1.4000111e+03
   1.4006417e+03
   1.4012611e+03
   1.4019111e+03
   1.4025917e+03
   1.4032667e+03
   1.4039194e+03
   1.4045833e+03
   1.4052417e+03
   1.4058639e+03
   1.4065000e+03
   1.4071444e+03
   1.4077833e+03
   1.4084194e+03
   1.4090944e+03
   1.4097917e+03
   1.4104472e+03
   1.4111000e+03
   1.4117278e+03
   1.4123528e+03
   1.4129750e+03
   1.4136194e+03
   1.4142806e+03
   1.4149389e+03
   1.4156028e+03
   1.4162639e+03
   1.4169361e+03
   1.4175806e+03
   1.4182111e+03
   1.4188222e+03
   1.4194528e+03
   1.4201000e+03
   1.4207583e+03
   1.4214389e+03
   1.4221139e+03
   1.4227639e+03
   1.4233972e+03
   1.4240278e+03
   1.4246722e+03
   1.4252972e+03
   1.4259389e+03
   1.4265889e+03
   1.4272528e+03
   1.4279194e+03
   1.4285944e+03
   1.4292528e+03
   1.4298778e+03
   1.4305500e+03
   1.4311222e+03
   1.4317639e+03
   1.4324361e+03
   1.4331028e+03
   1.4337500e+03
   1.4344056e+03
   1.4350611e+03
   1.4356833e+03
   1.4363250e+03
   1.4369667e+03
   1.4375944e+03
   1.4382417e+03
   1.4389111e+03
   1.4396139e+03
   1.4402917e+03
   1.4409583e+03
   1.4415861e+03
   1.4422167e+03
   1.4428528e+03
   1.4434972e+03
   1.4441611e+03
   1.4448250e+03
   1.4454944e+03
   1.4461556e+03
   1.4468333e+03
   1.4474917e+03
   1.4481194e+03
   1.4487306e+03
   1.4493667e+03
   1.4500250e+03
   1.4506833e+03
   1.4513611e+03
   1.4520556e+03
   1.4527194e+03
   1.4533583e+03
   1.4540000e+03
   1.4546611e+03
   1.4552972e+03
   1.4559472e+03
   1.4566250e+03
   1.4573111e+03
   1.4579833e+03
   1.4586722e+03
   1.4593528e+03
   1.4599917e+03
   1.4606250e+03
   1.4610139e+03
   1.4619556e+03
   1.4626444e+03
   1.4633361e+03
   1.4640222e+03
   1.4646972e+03
   1.4653583e+03
   1.4660222e+03
   1.4666917e+03
   1.4673389e+03
   1.4680028e+03
   1.4686889e+03
   1.4694056e+03
   1.4701000e+03
   1.4707917e+03
   1.4714500e+03
   1.4721056e+03
   1.4727528e+03
   1.4734250e+03
   1.4741139e+03
   1.4748000e+03
   1.4755000e+03
   1.4761944e+03
   1.4768944e+03
   1.4775611e+03
   1.4782278e+03
   1.4788722e+03
   1.4795361e+03
   1.4802028e+03
   1.4809083e+03
   1.4816278e+03
   1.4823222e+03
   1.4830028e+03
   1.4836611e+03
   1.4843361e+03
   1.4849972e+03
   1.4856639e+03
   1.4863306e+03
   1.4870306e+03
   1.4877250e+03
   1.4884250e+03
   1.4891250e+03
   1.4897861e+03
   1.4904306e+03
   1.4910861e+03
   1.4917806e+03
   1.4924639e+03
   1.4931639e+03
   1.4938583e+03
   1.4945556e+03
   1.4952222e+03
   1.4958861e+03
   1.4965611e+03
   1.4972083e+03
   1.4978611e+03
   1.4985500e+03
   1.4992722e+03
   1.4999639e+03
   1.5006500e+03
   1.5013194e+03
   1.5019722e+03
   1.5026083e+03
   1.5032667e+03
   1.5039500e+03
   1.5046222e+03
   1.5053111e+03
   1.5060028e+03
   1.5067083e+03
   1.5073694e+03
   1.5080361e+03
   1.5086806e+03
   1.5093222e+03
   1.5099833e+03
   1.5106806e+03
   1.5113944e+03
   1.5120778e+03
   1.5127611e+03
   1.5134278e+03
   1.5140917e+03
   1.5147500e+03
   1.5154139e+03
   1.5160750e+03
   1.5167556e+03
   1.5174583e+03
   1.5181667e+03
   1.5188639e+03
   1.5195167e+03
   1.5201722e+03
   1.5208194e+03
   1.5214861e+03
   1.5221639e+03
   1.5228611e+03
   1.5235417e+03
   1.5242306e+03
   1.5249083e+03
   1.5255806e+03
   1.5262417e+03
   1.5268889e+03
   1.5275472e+03
   1.5282194e+03
   1.5289250e+03
   1.5296389e+03
   1.5303389e+03
   1.5310056e+03
   1.5316694e+03
   1.5323250e+03
   1.5329917e+03
   1.5336639e+03
   1.5343500e+03
   1.5350444e+03
   1.5357333e+03
   1.5364417e+03
   1.5371361e+03
   1.5378000e+03
   1.5384389e+03
   1.5391000e+03
   1.5397611e+03
   1.5404556e+03
   1.5411722e+03
   1.5418694e+03
   1.5425556e+03
   1.5432222e+03
   1.5439056e+03
   1.5445667e+03
   1.5452250e+03
   1.5458778e+03
   1.5465583e+03
   1.5472528e+03
   1.5479611e+03
   1.5486611e+03
   1.5493250e+03
   1.5499750e+03
   1.5506194e+03
   1.5512972e+03
   1.5519722e+03
   1.5526611e+03
   1.5533472e+03
   1.5540389e+03
   1.5547194e+03
   1.5553972e+03
   1.5560611e+03
   1.5567000e+03
   1.5573556e+03
   1.5580167e+03
   1.5587139e+03
   1.5594222e+03
   1.5601222e+03
   1.5607972e+03
   1.5614556e+03
   1.5621083e+03
   1.5627722e+03
   1.5634361e+03
   1.5641000e+03
   1.5647889e+03
   1.5654750e+03
   1.5661722e+03
   1.5668694e+03
   1.5675361e+03
   1.5681667e+03
   1.5688056e+03
   1.5694694e+03
   1.5701583e+03
   1.5708583e+03
   1.5715611e+03
   1.5722694e+03
   1.5729500e+03
   1.5736333e+03
   1.5743083e+03
   1.5749722e+03
   1.5756250e+03
   1.5763139e+03
   1.5770222e+03
   1.5777389e+03
   1.5784528e+03
   1.5791389e+03
   1.5795722e+03
   1.5804583e+03
   1.5811528e+03
   1.5818389e+03
   1.5825389e+03
   1.5832472e+03
   1.5839639e+03
   1.5846611e+03
   1.5853556e+03
   1.5860389e+03
   1.5867028e+03
   1.5873556e+03
   1.5880278e+03
   1.5887556e+03
   1.5894611e+03
   1.5901667e+03
   1.5908528e+03
   1.5915306e+03
   1.5921806e+03
   1.5928528e+03
   1.5935444e+03
   1.5942194e+03
   1.5949111e+03
   1.5956333e+03
   1.5963667e+03
   1.5970556e+03
   1.5977222e+03
   1.5983917e+03
   1.5990611e+03
   1.5997361e+03
   1.6004472e+03
   1.6011722e+03
   1.6018833e+03
   1.6025778e+03
   1.6032861e+03
   1.6039694e+03
   1.6046389e+03
   1.6052972e+03
   1.6059778e+03
   1.6066833e+03
   1.6074056e+03
   1.6081250e+03
   1.6088222e+03
   1.6095139e+03
   1.6101694e+03
   1.6105556e+03
   1.6115278e+03
   1.6122306e+03
   1.6129306e+03
   1.6136389e+03
   1.6143500e+03
   1.6150611e+03
   1.6157472e+03
   1.6164139e+03
   1.6170833e+03
   1.6177528e+03
   1.6184639e+03
   1.6191861e+03
   1.6198917e+03
   1.6205917e+03
   1.6212750e+03
   1.6219417e+03
   1.6226083e+03
   1.6232861e+03
   1.6239611e+03
   1.6246500e+03
   1.6253528e+03
   1.6260861e+03
   1.6267806e+03
   1.6274500e+03
   1.6281056e+03
   1.6287694e+03
   1.6294278e+03
   1.6301139e+03
   1.6308361e+03
   1.6315417e+03
   1.6322333e+03
   1.6329250e+03
   1.6336194e+03
   1.6342778e+03
   1.6349361e+03
   1.6356028e+03
   1.6363000e+03
   1.6369889e+03
   1.6377139e+03
   1.6384333e+03
   1.6391167e+03
   1.6397778e+03
   1.6404500e+03
   1.6411389e+03
   1.6418167e+03
   1.6425083e+03
   1.6432194e+03
   1.6439306e+03
   1.6446250e+03
   1.6453194e+03
   1.6459889e+03
   1.6466417e+03
   1.6473000e+03
   1.6479917e+03
   1.6487028e+03
   1.6494000e+03
   1.6500889e+03
   1.6507722e+03
   1.6512056e+03
   1.6516611e+03
   1.6519972e+03
   1.6526611e+03
   1.6534556e+03
   1.6541167e+03
   1.6548056e+03
   1.6555222e+03
   1.6562389e+03
   1.6569333e+03
   1.6575833e+03
   1.6582306e+03
   1.6589028e+03
   1.6595694e+03
   1.6603889e+03
   1.6609667e+03
   1.6616778e+03
   1.6623611e+03
   1.6630528e+03
   1.6637389e+03
   1.6644000e+03
   1.6650444e+03
   1.6657056e+03
   1.6663944e+03
   1.6671028e+03
   1.6678056e+03
   1.6685083e+03
   1.6691917e+03
   1.6698389e+03
   1.6705083e+03
   1.6711861e+03
   1.6718611e+03
   1.6725333e+03
   1.6732306e+03
   1.6739333e+03
   1.6746278e+03
   1.6753139e+03
   1.6759694e+03
   1.6766194e+03
   1.6772667e+03
   1.6779528e+03
   1.6786583e+03
   1.6793639e+03
   1.6800500e+03
   1.6807444e+03
   1.6814111e+03
   1.6820778e+03
   1.6827528e+03
   1.6834028e+03
   1.6840722e+03
   1.6847583e+03
   1.6854722e+03
   1.6862389e+03
   1.6868611e+03
   1.6875139e+03
   1.6881611e+03
   1.6887972e+03
   1.6895472e+03
   1.6901333e+03
   1.6908111e+03
   1.6912750e+03
   1.6922278e+03
   1.6929528e+03
   1.6931472e+03
   1.6935556e+03
   1.6942083e+03
   1.6948417e+03
   1.6951306e+03
   1.6954194e+03
   1.6961583e+03
   1.6966000e+03
   1.6975417e+03
   1.6982222e+03
   1.6989611e+03
   1.6995389e+03
   1.7001861e+03
   1.7008472e+03
   1.7015028e+03
   1.7021444e+03
   1.7028222e+03
   1.7035167e+03
   1.7042000e+03
   1.7048778e+03
   1.7055389e+03
   1.7061806e+03
   1.7068194e+03
   1.7074750e+03
   1.7081639e+03
   1.7088444e+03
   1.7095250e+03
   1.7101972e+03
   1.7108778e+03
   1.7115222e+03
   1.7121639e+03
   1.7128111e+03
   1.7134556e+03
   1.7141056e+03
   1.7147750e+03
   1.7153389e+03
   1.7162000e+03
   1.7168333e+03
   1.7173472e+03
   1.7181806e+03
   1.7187278e+03
   1.7193806e+03
   1.7198222e+03
   1.7207278e+03
   1.7214194e+03
   1.7221000e+03
   1.7227944e+03
   1.7234694e+03
   1.7241222e+03
   1.7247611e+03
   1.7254250e+03
   1.7260944e+03
   1.7268000e+03
   1.7275250e+03
   1.7282167e+03
   1.7288972e+03
   1.7295694e+03
   1.7302472e+03
   1.7309083e+03
   1.7315778e+03
   1.7322583e+03
   1.7329611e+03
   1.7336667e+03
   1.7343861e+03
   1.7350917e+03
   1.7357528e+03
   1.7364083e+03
   1.7370722e+03
   1.7377667e+03
