   2.4444444e-01
   2.4444444e-01
   2.4444444e-01
   2.4444444e-01
   2.4444444e-01
   2.4444444e-01
   2.4444444e-01
   2.4444444e-01
   2.4444444e-01
   1.2277778e+00
   2.1944444e+00
   3.2083333e+00
   4.1444444e+00
   5.0583333e+00
   5.9916667e+00
   6.9916667e+00
   8.0250000e+00
   8.9916667e+00
   9.9833333e+00
   1.0902778e+01
   1.1397222e+01
   1.2786111e+01
   1.3808333e+01
   1.4861111e+01
   1.5875000e+01
   1.6983333e+01
   1.7994444e+01
   1.9125000e+01
   2.0238889e+01
   2.1352778e+01
   2.2380556e+01
   2.3422222e+01
   2.4455556e+01
   2.5541667e+01
   2.6625000e+01
   2.7672222e+01
   2.8680556e+01
   2.9713889e+01
   3.0208333e+01
   3.1816667e+01
   3.2833333e+01
   3.3819444e+01
   3.4750000e+01
   3.5711111e+01
   3.6769444e+01
   3.7900000e+01
   3.9088889e+01
   4.0186111e+01
   4.1241667e+01
   4.2286111e+01
   4.3388889e+01
   4.4494444e+01
   4.5563889e+01
   4.6636111e+01
   4.7666667e+01
   4.8705556e+01
   4.9811111e+01
   5.0908333e+01
   5.1902778e+01
   5.2900000e+01
   5.3938889e+01
   5.5002778e+01
   5.6091667e+01
   5.7183333e+01
   5.8172222e+01
   5.9194444e+01
   6.0213889e+01
   6.1263889e+01
   6.2297222e+01
   6.3319444e+01
   6.4413889e+01
   6.5583333e+01
   6.6769444e+01
   6.7930556e+01
   6.9027778e+01
   7.0091667e+01
   7.1155556e+01
   7.2197222e+01
   7.3294444e+01
   7.4408333e+01
   7.5500000e+01
   7.6513889e+01
   7.7572222e+01
   7.8647222e+01
   7.9766667e+01
   8.0830556e+01
   8.1816667e+01
   8.2763889e+01
   8.3747222e+01
   8.4847222e+01
   8.6044444e+01
   8.7280556e+01
   8.8488889e+01
   8.9616667e+01
   9.0827778e+01
   9.2005556e+01
   9.3091667e+01
   9.4130556e+01
   9.5163889e+01
   9.6180556e+01
   9.7272222e+01
   9.8369444e+01
   9.9347222e+01
   1.0031667e+02
   1.0131490e+02
   1.0235934e+02
   1.0360656e+02
   1.0494823e+02
   1.0610656e+02
   1.0719823e+02
   1.0830656e+02
   1.0941212e+02
   1.1049823e+02
   1.1158712e+02
   1.1260656e+02
   1.1365379e+02
   1.1474267e+02
   1.1583712e+02
   1.1692045e+02
   1.1797045e+02
   1.1899545e+02
   1.2005934e+02
   1.2116212e+02
   1.2223990e+02
   1.2330656e+02
   1.2437601e+02
   1.2540656e+02
   1.2643156e+02
   1.2752045e+02
   1.2862601e+02
   1.2961767e+02
   1.3057601e+02
   1.3150101e+02
   1.3254545e+02
   1.3387323e+02
   1.3510379e+02
   1.3613712e+02
   1.3720379e+02
   1.3828434e+02
   1.3938712e+02
   1.4039823e+02
   1.4142323e+02
   1.4241490e+02
   1.4339823e+02
   1.4447323e+02
   1.4555101e+02
   1.4659545e+02
   1.4763434e+02
   1.4862323e+02
   1.4963990e+02
   1.5067601e+02
   1.5183434e+02
   1.5289267e+02
   1.5392879e+02
   1.5495656e+02
   1.5603434e+02
   1.5712879e+02
   1.5824823e+02
   1.5929823e+02
   1.6029823e+02
   1.6131667e+02
   1.6245833e+02
   1.6356667e+02
   1.6469444e+02
   1.6570000e+02
   1.6667778e+02
   1.6770278e+02
   1.6886389e+02
   1.6994444e+02
   1.7106667e+02
   1.7209167e+02
   1.7312222e+02
   1.7416944e+02
   1.7525556e+02
   1.7636944e+02
   1.7742778e+02
   1.7847222e+02
   1.7949167e+02
   1.8054444e+02
   1.8165278e+02
   1.8276111e+02
   1.8378333e+02
   1.8484167e+02
   1.8587222e+02
   1.8693889e+02
   1.8801667e+02
   1.8910000e+02
   1.9014722e+02
   1.9111389e+02
   1.9215278e+02
   1.9313889e+02
   1.9418889e+02
   1.9521944e+02
   1.9647222e+02
   1.9766944e+02
   1.9896944e+02
   2.0016667e+02
   2.0128056e+02
   2.0233889e+02
   2.0339444e+02
   2.0441944e+02
   2.0557222e+02
   2.0665278e+02
   2.0768611e+02
   2.0870000e+02
   2.0975000e+02
   2.1081667e+02
   2.1196944e+02
   2.1306944e+02
   2.1406667e+02
   2.1510278e+02
   2.1615278e+02
   2.1721944e+02
   2.1831667e+02
   2.1938611e+02
   2.2038611e+02
   2.2141667e+02
   2.2250000e+02
   2.2358889e+02
   2.2461667e+02
   2.2560000e+02
   2.2655278e+02
   2.2750833e+02
   2.2856111e+02
   2.2966111e+02
   2.3093333e+02
   2.3207778e+02
   2.3284167e+02
   2.3426944e+02
   2.3551389e+02
   2.3668333e+02
   2.3772500e+02
   2.3879722e+02
   2.3976389e+02
   2.4086111e+02
   2.4187500e+02
   2.4295278e+02
   2.4398333e+02
   2.4503611e+02
   2.4614722e+02
   2.4722778e+02
   2.4836111e+02
   2.4947778e+02
   2.5054444e+02
   2.5156667e+02
   2.5266389e+02
   2.5376944e+02
   2.5485556e+02
   2.5589167e+02
   2.5692222e+02
   2.5796667e+02
   2.5900556e+02
   2.6005556e+02
   2.6112778e+02
   2.6212500e+02
   2.6314444e+02
   2.6409167e+02
   2.6507500e+02
   2.6631944e+02
   2.6757778e+02
   2.6876111e+02
   2.6985000e+02
   2.7096944e+02
   2.7212500e+02
   2.7320833e+02
   2.7418889e+02
   2.7519167e+02
   2.7623611e+02
   2.7729167e+02
   2.7837778e+02
   2.7940000e+02
   2.8040833e+02
   2.8141111e+02
   2.8241389e+02
   2.8344167e+02
   2.8445556e+02
   2.8549167e+02
   2.8672500e+02
   2.8784167e+02
   2.8901111e+02
   2.9017222e+02
   2.9123611e+02
   2.9230556e+02
   2.9334444e+02
   2.9440278e+02
   2.9550833e+02
   2.9666111e+02
   2.9771944e+02
   2.9814444e+02
   2.9887222e+02
   2.9985833e+02
   3.0095278e+02
   3.0205278e+02
   3.0318056e+02
   3.0426667e+02
   3.0525278e+02
   3.0640000e+02
   3.0753889e+02
   3.0861944e+02
   3.0972778e+02
   3.1073611e+02
   3.1180278e+02
   3.1293333e+02
   3.1402778e+02
   3.1510556e+02
   3.1617500e+02
   3.1722778e+02
   3.1826111e+02
   3.1941667e+02
   3.2050278e+02
   3.2158889e+02
   3.2262222e+02
   3.2368611e+02
   3.2471111e+02
   3.2587222e+02
   3.2698333e+02
   3.2804722e+02
   3.2911111e+02
   3.3020556e+02
   3.3128611e+02
   3.3244444e+02
   3.3350000e+02
   3.3452778e+02
   3.3560000e+02
   3.3671944e+02
   3.3783056e+02
   3.3891944e+02
   3.4000278e+02
   3.4096111e+02
   3.4197500e+02
   3.4303333e+02
   3.4414167e+02
   3.4518333e+02
   3.4622778e+02
   3.4722778e+02
   3.4828056e+02
   3.4935556e+02
   3.5047778e+02
   3.5151389e+02
   3.5257500e+02
   3.5363889e+02
   3.5468333e+02
   3.5579444e+02
   3.5694722e+02
   3.5792500e+02
   3.5903611e+02
   3.6008056e+02
   3.6116389e+02
   3.6228611e+02
   3.6336389e+02
   3.6441667e+02
   3.6543889e+02
   3.6653333e+02
   3.6761389e+02
   3.6871389e+02
   3.6972500e+02
   3.7071667e+02
   3.7166111e+02
   3.7267500e+02
   3.7373056e+02
   3.7480000e+02
   3.7613611e+02
   3.7735833e+02
   3.7849722e+02
   3.7960833e+02
   3.8076944e+02
   3.8180278e+02
   3.8286111e+02
   3.8393611e+02
   3.8500278e+02
   3.8615278e+02
   3.8722500e+02
   3.8826389e+02
   3.8930556e+02
   3.9038889e+02
   3.9150556e+02
   3.9258611e+02
   3.9366389e+02
   3.9470833e+02
   3.9575556e+02
   3.9690278e+02
   3.9802500e+02
   3.9915000e+02
   4.0022778e+02
   4.0129444e+02
   4.0235556e+02
   4.0352500e+02
   4.0464444e+02
   4.0572500e+02
   4.0683611e+02
   4.0789722e+02
   4.0903889e+02
   4.1017778e+02
   4.1131389e+02
   4.1236667e+02
   4.1345556e+02
   4.1455000e+02
   4.1567222e+02
   4.1683056e+02
   4.1790556e+02
   4.1896389e+02
   4.2005833e+02
   4.2115000e+02
   4.2228056e+02
   4.2335278e+02
   4.2441389e+02
   4.2540278e+02
   4.2649722e+02
   4.2756111e+02
   4.2863056e+02
   4.2965278e+02
   4.3068056e+02
   4.3171389e+02
   4.3277222e+02
   4.3388611e+02
   4.3495833e+02
   4.3596389e+02
   4.3700000e+02
   4.3806111e+02
   4.3911389e+02
   4.4020833e+02
   4.4123056e+02
   4.4222500e+02
   4.4321944e+02
   4.4433056e+02
   4.4565556e+02
   4.4692778e+02
   4.4803333e+02
   4.4913056e+02
   4.5017778e+02
   4.5127222e+02
   4.5232778e+02
   4.5340833e+02
   4.5438889e+02
   4.5539167e+02
   4.5646944e+02
   4.5755556e+02
   4.5864167e+02
   4.5970000e+02
   4.6074722e+02
   4.6179722e+02
   4.6285833e+02
   4.6398056e+02
   4.6505000e+02
   4.6606389e+02
   4.6707222e+02
   4.6812222e+02
   4.6917778e+02
   4.7029167e+02
   4.7135833e+02
   4.7235556e+02
   4.7340556e+02
   4.7445000e+02
   4.7552222e+02
   4.7661667e+02
   4.7765833e+02
   4.7868611e+02
   4.7967500e+02
   4.8075278e+02
   4.8181111e+02
   4.8285278e+02
   4.8385278e+02
   4.8482778e+02
   4.8576944e+02
   4.8681944e+02
   4.8800278e+02
   4.8925556e+02
   4.9036389e+02
   4.9142500e+02
   4.9246667e+02
   4.9356667e+02
   4.9465556e+02
   4.9566389e+02
   4.9663333e+02
   4.9765278e+02
   4.9861111e+02
   4.9956944e+02
   5.0010556e+02
   5.0172500e+02
   5.0285556e+02
   5.0389167e+02
   5.0497778e+02
   5.0599722e+02
   5.0710000e+02
   5.0811667e+02
   5.0909722e+02
   5.1013611e+02
   5.1121944e+02
   5.1227778e+02
   5.1332222e+02
   5.1434722e+02
   5.1530556e+02
   5.1631667e+02
   5.1766111e+02
   5.1891389e+02
   5.2003889e+02
   5.2111944e+02
   5.2216667e+02
   5.2324444e+02
   5.2437778e+02
   5.2541389e+02
   5.2640000e+02
   5.2743611e+02
   5.2843611e+02
   5.2950278e+02
   5.3057222e+02
   5.3156389e+02
   5.3249722e+02
   5.3350278e+02
   5.3452778e+02
   5.3578333e+02
   5.3706667e+02
   5.3765556e+02
   5.3926111e+02
   5.4042778e+02
   5.4151944e+02
   5.4255278e+02
   5.4360833e+02
   5.4465278e+02
   5.4565000e+02
   5.4663611e+02
   5.4772500e+02
   5.4875278e+02
   5.4974444e+02
   5.5103333e+02
   5.5230000e+02
   5.5345000e+02
   5.5461667e+02
   5.5568333e+02
   5.5671389e+02
   5.5776389e+02
   5.5885278e+02
   5.5993056e+02
   5.6103333e+02
   5.6206389e+02
   5.6306944e+02
   5.6409444e+02
   5.6519167e+02
   5.6621111e+02
   5.6726111e+02
   5.6836111e+02
   5.6962778e+02
   5.7082222e+02
   5.7146944e+02
   5.7307500e+02
   5.7418056e+02
   5.7518333e+02
   5.7620556e+02
   5.7725000e+02
   5.7834722e+02
   5.7937500e+02
   5.8035833e+02
   5.8137222e+02
   5.8236111e+02
   5.8337778e+02
   5.8461111e+02
   5.8580278e+02
   5.8685278e+02
   5.8789167e+02
   5.8893056e+02
   5.9001111e+02
   5.9113889e+02
   5.9219722e+02
   5.9318889e+02
   5.9428611e+02
   5.9536944e+02
   5.9641944e+02
   5.9748611e+02
   5.9852778e+02
   5.9955278e+02
   6.0059722e+02
   6.0172222e+02
   6.0276667e+02
   6.0376667e+02
   6.0480278e+02
   6.0576111e+02
   6.0678333e+02
   6.0807500e+02
   6.0940556e+02
   6.1057778e+02
   6.1168889e+02
   6.1277222e+02
   6.1386111e+02
   6.1446667e+02
   6.1594167e+02
   6.1691111e+02
   6.1790833e+02
   6.1890278e+02
   6.2004444e+02
   6.2128889e+02
   6.2236667e+02
   6.2343611e+02
   6.2450556e+02
   6.2563056e+02
   6.2670000e+02
   6.2778056e+02
   6.2880833e+02
   6.2984167e+02
   6.3091111e+02
   6.3203333e+02
   6.3305833e+02
   6.3409722e+02
   6.3510000e+02
   6.3612778e+02
   6.3716944e+02
   6.3821111e+02
   6.3926389e+02
   6.4023056e+02
   6.4152778e+02
   6.4269722e+02
   6.4384444e+02
   6.4495000e+02
   6.4607500e+02
   6.4712500e+02
   6.4825833e+02
   6.4930278e+02
   6.5038333e+02
   6.5143611e+02
   6.5241111e+02
   6.5341944e+02
   6.5442500e+02
   6.5555833e+02
   6.5661111e+02
   6.5764167e+02
   6.5867778e+02
   6.5968889e+02
   6.6066667e+02
   6.6195556e+02
   6.6334167e+02
   6.6446111e+02
   6.6567222e+02
   6.6673611e+02
   6.6790556e+02
   6.6905000e+02
   6.7005833e+02
   6.7107778e+02
   6.7218333e+02
   6.7329444e+02
   6.7441111e+02
   6.7545556e+02
   6.7643611e+02
   6.7745000e+02
   6.7848333e+02
   6.7960000e+02
   6.8065833e+02
   6.8174722e+02
   6.8273333e+02
   6.8375833e+02
   6.8483889e+02
   6.8596667e+02
   6.8706111e+02
   6.8814722e+02
   6.8921111e+02
   6.9028611e+02
   6.9141389e+02
   6.9253611e+02
   6.9358056e+02
   6.9459444e+02
   6.9565556e+02
   6.9672778e+02
   6.9783333e+02
   6.9890278e+02
   6.9992778e+02
   7.0089444e+02
   7.0188611e+02
   7.0286389e+02
   7.0394722e+02
   7.0520833e+02
   7.0628056e+02
   7.0729167e+02
   7.0840000e+02
   7.0948056e+02
   7.1055000e+02
   7.1154444e+02
   7.1252222e+02
   7.1345278e+02
   7.1441111e+02
   7.1560000e+02
   7.1654722e+02
   7.1750833e+02
   7.1842222e+02
   7.1970000e+02
   7.2080556e+02
   7.2202778e+02
   7.2308333e+02
   7.2406944e+02
   7.2505278e+02
   7.2607500e+02
   7.2707222e+02
   7.2809444e+02
   7.2909444e+02
   7.3044167e+02
   7.3109167e+02
   7.3241667e+02
   7.3385000e+02
   7.3487778e+02
   7.3596944e+02
   7.3698889e+02
   7.3800278e+02
   7.3911389e+02
   7.4020556e+02
   7.4124722e+02
   7.4225833e+02
   7.4321944e+02
   7.4425278e+02
   7.4586111e+02
   7.4638611e+02
   7.4715833e+02
   7.4824722e+02
   7.4939722e+02
   7.5049444e+02
   7.5159722e+02
   7.5274444e+02
   7.5381667e+02
   7.5486389e+02
   7.5591944e+02
   7.5700278e+02
   7.5807500e+02
   7.5910556e+02
   7.6009444e+02
   7.6108611e+02
   7.6236944e+02
   7.6359722e+02
   7.6473056e+02
   7.6580278e+02
   7.6681667e+02
   7.6780000e+02
   7.6893611e+02
   7.6994722e+02
   7.7101667e+02
   7.7196389e+02
   7.7303333e+02
   7.7405278e+02
   7.7513333e+02
   7.7620278e+02
   7.7720833e+02
   7.7818333e+02
   7.7916944e+02
   7.8040278e+02
   7.8171944e+02
   7.8296667e+02
   7.8403611e+02
   7.8509722e+02
   7.8619722e+02
   7.8733056e+02
   7.8841944e+02
   7.8951111e+02
   7.9053889e+02
   7.9154722e+02
   7.9264167e+02
   7.9372778e+02
   7.9480278e+02
   7.9582778e+02
   7.9684167e+02
   7.9786111e+02
   7.9892778e+02
   7.9998889e+02
   8.0097500e+02
   8.0205833e+02
   8.0322500e+02
   8.0434167e+02
   8.0539722e+02
   8.0645278e+02
   8.0744444e+02
   8.0840278e+02
   8.0939167e+02
   8.1036389e+02
   8.1140833e+02
   8.1246111e+02
   8.1346389e+02
   8.1444167e+02
   8.1540833e+02
   8.1649722e+02
   8.1750556e+02
   8.1853611e+02
   8.1955833e+02
   8.2053333e+02
   8.2150556e+02
   8.2257500e+02
   8.2365556e+02
   8.2472778e+02
   8.2573611e+02
   8.2675000e+02
   8.2773056e+02
   8.2877222e+02
   8.2984444e+02
   8.3101667e+02
   8.3220278e+02
   8.3331389e+02
   8.3439444e+02
   8.3550833e+02
   8.3663611e+02
   8.3762500e+02
   8.3860278e+02
   8.3973889e+02
   8.4088056e+02
   8.4198889e+02
   8.4309167e+02
   8.4413056e+02
   8.4514167e+02
   8.4619444e+02
   8.4726111e+02
   8.4826111e+02
   8.4931389e+02
   8.5034444e+02
   8.5188611e+02
   8.5267778e+02
   8.5383889e+02
   8.5494722e+02
   8.5606389e+02
   8.5708889e+02
   8.5814167e+02
   8.5923056e+02
   8.6031944e+02
   8.6133611e+02
   8.6235278e+02
   8.6335556e+02
   8.6435000e+02
   8.6538056e+02
   8.6663333e+02
   8.6783889e+02
   8.6898056e+02
   8.7010000e+02
   8.7119167e+02
   8.7231389e+02
   8.7339722e+02
   8.7443611e+02
   8.7549722e+02
   8.7668889e+02
   8.7771111e+02
   8.7885556e+02
   8.7992222e+02
   8.8094444e+02
   8.8202222e+02
   8.8313611e+02
   8.8417500e+02
   8.8523333e+02
   8.8636944e+02
   8.8741389e+02
   8.8851944e+02
   8.8960556e+02
   8.9072778e+02
   8.9178333e+02
   8.9280278e+02
   8.9385833e+02
   8.9493026e+02
   8.9604693e+02
   8.9708859e+02
   8.9812470e+02
   8.9914970e+02
   9.0020804e+02
   9.0129970e+02
   9.0242193e+02
   9.0348026e+02
   9.0449137e+02
   9.0556359e+02
   9.0664137e+02
   9.0716637e+02
   9.0877748e+02
   9.0983859e+02
   9.1082748e+02
   9.1184970e+02
   9.1291081e+02
   9.1398304e+02
   9.1499970e+02
   9.1598304e+02
   9.1698581e+02
   9.1802193e+02
   9.1944415e+02
   9.2073026e+02
   9.2185248e+02
   9.2295248e+02
   9.2400248e+02
   9.2510804e+02
   9.2622193e+02
   9.2730804e+02
   9.2830248e+02
   9.2936915e+02
   9.3037193e+02
   9.3148026e+02
   9.3256359e+02
   9.3358859e+02
   9.3453581e+02
   9.3550248e+02
   9.3654970e+02
   9.3786081e+02
   9.3908581e+02
   9.4024693e+02
   9.4136915e+02
   9.4247193e+02
   9.4363304e+02
   9.4472470e+02
   9.4578304e+02
   9.4680804e+02
   9.4787470e+02
   9.4891915e+02
   9.5004415e+02
   9.5106637e+02
   9.5210248e+02
   9.5309415e+02
   9.5413859e+02
   9.5520000e+02
   9.5625556e+02
   9.5734444e+02
   9.5883611e+02
   9.6006944e+02
   9.6126111e+02
   9.6235833e+02
   9.6348056e+02
   9.6449722e+02
   9.6551944e+02
   9.6660556e+02
   9.6768889e+02
   9.6876111e+02
   9.6981111e+02
   9.7081389e+02
   9.7182222e+02
   9.7289444e+02
   9.7399444e+02
   9.7503333e+02
   9.7611389e+02
   9.7713056e+02
   9.7816944e+02
   9.7925556e+02
   9.8034167e+02
   9.8137778e+02
   9.8238889e+02
   9.8345000e+02
   9.8451944e+02
   9.8561944e+02
   9.8675278e+02
   9.8779167e+02
   9.8883056e+02
   9.8990278e+02
   9.9099722e+02
   9.9209444e+02
   9.9313056e+02
   9.9417222e+02
   9.9525278e+02
   9.9635000e+02
   9.9746944e+02
   9.9861944e+02
   9.9965833e+02
   1.0007306e+03
   1.0018361e+03
   1.0029194e+03
   1.0040361e+03
   1.0051528e+03
   1.0062111e+03
   1.0073056e+03
   1.0083333e+03
   1.0094639e+03
   1.0105778e+03
   1.0116222e+03
   1.0126583e+03
   1.0136972e+03
   1.0147583e+03
   1.0158306e+03
   1.0169250e+03
   1.0179250e+03
   1.0189194e+03
   1.0199278e+03
   1.0210028e+03
   1.0219750e+03
   1.0230083e+03
   1.0240222e+03
   1.0250167e+03
   1.0262944e+03
   1.0275194e+03
   1.0286444e+03
   1.0296833e+03
   1.0307139e+03
   1.0317472e+03
   1.0328361e+03
   1.0339694e+03
   1.0350472e+03
   1.0360528e+03
   1.0370889e+03
   1.0380972e+03
   1.0391667e+03
   1.0402278e+03
   1.0412528e+03
   1.0422222e+03
   1.0432083e+03
   1.0442639e+03
   1.0454389e+03
   1.0465000e+03
   1.0475194e+03
   1.0484667e+03
   1.0494111e+03
   1.0503944e+03
   1.0513722e+03
   1.0523306e+03
   1.0532917e+03
   1.0542389e+03
   1.0551528e+03
   1.0561222e+03
   1.0570917e+03
   1.0580417e+03
   1.0589806e+03
   1.0598944e+03
   1.0607972e+03
   1.0616917e+03
   1.0626389e+03
   1.0636389e+03
   1.0646056e+03
   1.0655556e+03
   1.0664806e+03
   1.0673917e+03
   1.0683472e+03
   1.0693556e+03
   1.0703278e+03
   1.0712417e+03
   1.0721361e+03
   1.0730333e+03
   1.0739722e+03
   1.0749028e+03
   1.0758083e+03
   1.0767583e+03
   1.0776139e+03
   1.0784583e+03
   1.0793583e+03
   1.0802611e+03
   1.0812000e+03
   1.0820917e+03
   1.0829722e+03
   1.0838944e+03
   1.0847333e+03
   1.0856806e+03
   1.0866611e+03
   1.0876139e+03
   1.0885889e+03
   1.0894833e+03
   1.0904000e+03
   1.0912417e+03
   1.0918194e+03
   1.0930833e+03
   1.0939972e+03
   1.0948472e+03
   1.0956583e+03
   1.0965389e+03
   1.0973667e+03
   1.0982139e+03
   1.0991278e+03
   1.0999667e+03
   1.1008750e+03
   1.1017194e+03
   1.1025500e+03
   1.1034306e+03
   1.1043389e+03
   1.1052806e+03
   1.1062722e+03
   1.1072000e+03
   1.1081139e+03
   1.1089694e+03
   1.1099167e+03
   1.1108667e+03
   1.1117611e+03
   1.1127389e+03
   1.1137111e+03
   1.1145972e+03
   1.1155694e+03
   1.1165778e+03
   1.1176028e+03
   1.1185500e+03
   1.1195111e+03
   1.1204250e+03
   1.1213944e+03
   1.1223500e+03
   1.1234222e+03
   1.1244361e+03
   1.1253083e+03
   1.1262111e+03
   1.1271500e+03
   1.1280778e+03
   1.1293306e+03
   1.1303583e+03
   1.1313667e+03
   1.1323111e+03
   1.1337167e+03
   1.1348556e+03
   1.1358500e+03
   1.1369361e+03
   1.1378222e+03
   1.1387278e+03
   1.1396778e+03
   1.1407722e+03
   1.1418333e+03
   1.1430222e+03
   1.1439778e+03
   1.1449722e+03
   1.1459583e+03
   1.1470556e+03
   1.1486528e+03
   1.1498806e+03
   1.1509917e+03
   1.1521056e+03
   1.1531472e+03
   1.1542222e+03
   1.1551917e+03
   1.1561889e+03
   1.1574083e+03
   1.1583972e+03
   1.1594694e+03
   1.1607222e+03
   1.1616278e+03
   1.1626556e+03
   1.1637889e+03
   1.1648806e+03
   1.1660028e+03
   1.1670222e+03
   1.1680944e+03
   1.1690500e+03
   1.1701111e+03
   1.1712593e+03
   1.1726260e+03
   1.1736788e+03
   1.1747399e+03
   1.1758760e+03
   1.1769871e+03
   1.1780982e+03
   1.1791371e+03
   1.1801371e+03
   1.1812343e+03
   1.1822649e+03
   1.1833538e+03
   1.1845871e+03
   1.1862538e+03
   1.1872704e+03
   1.1884454e+03
   1.1895621e+03
   1.1906816e+03
   1.1917343e+03
   1.1928010e+03
   1.1938371e+03
   1.1949399e+03
   1.1959732e+03
   1.1970871e+03
   1.1985982e+03
   1.1999038e+03
   1.2011343e+03
   1.2022677e+03
   1.2032732e+03
   1.2043482e+03
   1.2053371e+03
   1.2063816e+03
   1.2074566e+03
   1.2085482e+03
   1.2101621e+03
   1.2112704e+03
   1.2124177e+03
   1.2135427e+03
   1.2147121e+03
   1.2156982e+03
   1.2167482e+03
   1.2177454e+03
   1.2183732e+03
   1.2187149e+03
   1.2198093e+03
   1.2209732e+03
   1.2221788e+03
   1.2233954e+03
   1.2246010e+03
   1.2257232e+03
   1.2267927e+03
   1.2278538e+03
   1.2288704e+03
   1.2298621e+03
   1.2309316e+03
   1.2319694e+03
   1.2327778e+03
   1.2339667e+03
   1.2350028e+03
   1.2359972e+03
   1.2371028e+03
   1.2381833e+03
   1.2392250e+03
   1.2402167e+03
   1.2412083e+03
   1.2422000e+03
   1.2433028e+03
   1.2446028e+03
   1.2455611e+03
   1.2465278e+03
   1.2475639e+03
   1.2485833e+03
   1.2496167e+03
   1.2506222e+03
   1.2515694e+03
   1.2525194e+03
   1.2534667e+03
   1.2544889e+03
   1.2554111e+03
   1.2564500e+03
   1.2573556e+03
   1.2582778e+03
   1.2592083e+03
   1.2601528e+03
   1.2611389e+03
   1.2621222e+03
   1.2630444e+03
   1.2639611e+03
   1.2649111e+03
   1.2658778e+03
   1.2667722e+03
   1.2678056e+03
   1.2687778e+03
   1.2696278e+03
   1.2701472e+03
   1.2714722e+03
   1.2724583e+03
   1.2734500e+03
   1.2744139e+03
   1.2753333e+03
   1.2762611e+03
   1.2771889e+03
   1.2781611e+03
   1.2791583e+03
   1.2801194e+03
   1.2811583e+03
   1.2820667e+03
   1.2830056e+03
   1.2840028e+03
   1.2849722e+03
   1.2859056e+03
   1.2868806e+03
   1.2878111e+03
   1.2887000e+03
   1.2896139e+03
   1.2905833e+03
   1.2915667e+03
   1.2924944e+03
   1.2934417e+03
   1.2944250e+03
   1.2953278e+03
   1.2962611e+03
   1.2972250e+03
   1.2981806e+03
   1.2990750e+03
   1.2999306e+03
   1.3008389e+03
   1.3017194e+03
   1.3026167e+03
   1.3036611e+03
   1.3046000e+03
   1.3054778e+03
   1.3064472e+03
   1.3073472e+03
   1.3082889e+03
   1.3092444e+03
   1.3101556e+03
   1.3110722e+03
   1.3119556e+03
   1.3127861e+03
   1.3136611e+03
   1.3145694e+03
   1.3154583e+03
   1.3163583e+03
   1.3172361e+03
   1.3181500e+03
   1.3190083e+03
   1.3199194e+03
   1.3208583e+03
   1.3218000e+03
   1.3226806e+03
   1.3235667e+03
   1.3244528e+03
   1.3253167e+03
   1.3262083e+03
   1.3271944e+03
   1.3281444e+03
   1.3290722e+03
   1.3299444e+03
   1.3309028e+03
   1.3317972e+03
   1.3327278e+03
   1.3337306e+03
   1.3346944e+03
   1.3356556e+03
   1.3365361e+03
   1.3375167e+03
   1.3384444e+03
   1.3393833e+03
   1.3403778e+03
   1.3413139e+03
   1.3422167e+03
   1.3430833e+03
   1.3440333e+03
   1.3449611e+03
   1.3458972e+03
   1.3468306e+03
   1.3477556e+03
   1.3486278e+03
   1.3495250e+03
   1.3505083e+03
   1.3514778e+03
   1.3523778e+03
   1.3533139e+03
   1.3542389e+03
   1.3551417e+03
   1.3560611e+03
   1.3570500e+03
   1.3579917e+03
   1.3589222e+03
   1.3598972e+03
   1.3608694e+03
   1.3618472e+03
   1.3627583e+03
   1.3633194e+03
   1.3648278e+03
   1.3656917e+03
   1.3665833e+03
   1.3675083e+03
   1.3684056e+03
   1.3692917e+03
   1.3702583e+03
   1.3711056e+03
   1.3719528e+03
   1.3727750e+03
   1.3736472e+03
   1.3745944e+03
   1.3755167e+03
   1.3764472e+03
   1.3773806e+03
   1.3782583e+03
   1.3791056e+03
   1.3799972e+03
   1.3809333e+03
   1.3818889e+03
   1.3828194e+03
   1.3837194e+03
   1.3846389e+03
   1.3855000e+03
   1.3864417e+03
   1.3873667e+03
   1.3882944e+03
   1.3891889e+03
   1.3900444e+03
   1.3909417e+03
   1.3918083e+03
   1.3927556e+03
   1.3937528e+03
   1.3946722e+03
   1.3956083e+03
   1.3964694e+03
   1.3974389e+03
   1.3984167e+03
   1.3993528e+03
   1.4003528e+03
   1.4013250e+03
   1.4022556e+03
   1.4031194e+03
   1.4041472e+03
   1.4051000e+03
   1.4060389e+03
   1.4070722e+03
   1.4079556e+03
   1.4088556e+03
   1.4098889e+03
   1.4108861e+03
   1.4118528e+03
   1.4128194e+03
   1.4137528e+03
   1.4147028e+03
   1.4156056e+03
   1.4161139e+03
   1.4175528e+03
   1.4185611e+03
   1.4194167e+03
   1.4203528e+03
   1.4212917e+03
   1.4222250e+03
   1.4232028e+03
   1.4242111e+03
   1.4251194e+03
   1.4261028e+03
   1.4269889e+03
   1.4280750e+03
   1.4290667e+03
   1.4300639e+03
   1.4310778e+03
   1.4320139e+03
   1.4329833e+03
   1.4338972e+03
   1.4349722e+03
   1.4360083e+03
   1.4369750e+03
   1.4379556e+03
   1.4389611e+03
   1.4398750e+03
   1.4409278e+03
   1.4419056e+03
   1.4428833e+03
   1.4438194e+03
   1.4448306e+03
   1.4456833e+03
   1.4466333e+03
   1.4477389e+03
   1.4486583e+03
   1.4496639e+03
   1.4506472e+03
   1.4515667e+03
   1.4527194e+03
   1.4537722e+03
   1.4548028e+03
   1.4558361e+03
   1.4568389e+03
   1.4577806e+03
   1.4588083e+03
   1.4597750e+03
   1.4608361e+03
   1.4617583e+03
   1.4622778e+03
   1.4637278e+03
   1.4647611e+03
   1.4657056e+03
   1.4667417e+03
   1.4673583e+03
   1.4687722e+03
   1.4693389e+03
   1.4705250e+03
   1.4715667e+03
   1.4725056e+03
   1.4735250e+03
   1.4745139e+03
   1.4754056e+03
   1.4764472e+03
   1.4774944e+03
   1.4784556e+03
   1.4794778e+03
   1.4804778e+03
   1.4814972e+03
   1.4824944e+03
   1.4835333e+03
   1.4845222e+03
   1.4855806e+03
   1.4865750e+03
   1.4875333e+03
   1.4885556e+03
   1.4895389e+03
   1.4905222e+03
   1.4915694e+03
   1.4924500e+03
   1.4934722e+03
   1.4945000e+03
   1.4954694e+03
   1.4965361e+03
   1.4975472e+03
   1.4984611e+03
   1.4994194e+03
   1.5000083e+03
   1.5013833e+03
   1.5024361e+03
   1.5034000e+03
   1.5043333e+03
   1.5053306e+03
   1.5063278e+03
   1.5073000e+03
   1.5083028e+03
   1.5093583e+03
   1.5102778e+03
   1.5113611e+03
   1.5123722e+03
   1.5134278e+03
   1.5144833e+03
   1.5154111e+03
   1.5164333e+03
   1.5174111e+03
   1.5185306e+03
   1.5195250e+03
   1.5205861e+03
   1.5215278e+03
   1.5225444e+03
   1.5234722e+03
   1.5246444e+03
   1.5257639e+03
   1.5268222e+03
   1.5278583e+03
   1.5288972e+03
   1.5298278e+03
   1.5309806e+03
   1.5320583e+03
   1.5330250e+03
   1.5341444e+03
   1.5350944e+03
   1.5364000e+03
   1.5377083e+03
   1.5388278e+03
   1.5398139e+03
   1.5408750e+03
   1.5418806e+03
   1.5429611e+03
   1.5440667e+03
   1.5450361e+03
   1.5460028e+03
   1.5472194e+03
   1.5485278e+03
   1.5496833e+03
   1.5508417e+03
   1.5518556e+03
   1.5529306e+03
   1.5538833e+03
   1.5550917e+03
   1.5562167e+03
   1.5573000e+03
   1.5583194e+03
   1.5593333e+03
   1.5603500e+03
   1.5615556e+03
   1.5626583e+03
   1.5637528e+03
   1.5647694e+03
   1.5658139e+03
   1.5668667e+03
   1.5679306e+03
   1.5690139e+03
   1.5700361e+03
   1.5710361e+03
   1.5720528e+03
   1.5730778e+03
   1.5740944e+03
   1.5751028e+03
   1.5760694e+03
   1.5770556e+03
   1.5780806e+03
   1.5792944e+03
   1.5804611e+03
   1.5814889e+03
   1.5825611e+03
   1.5835611e+03
   1.5845389e+03
   1.5856139e+03
   1.5866028e+03
   1.5875250e+03
   1.5886306e+03
   1.5895500e+03
   1.5906806e+03
   1.5917333e+03
   1.5926917e+03
   1.5936944e+03
   1.5946000e+03
   1.5955722e+03
   1.5965722e+03
   1.5977028e+03
   1.5986833e+03
   1.5997444e+03
   1.6007694e+03
   1.6017222e+03
   1.6028361e+03
   1.6038333e+03
   1.6049556e+03
   1.6058500e+03
   1.6068694e+03
   1.6078833e+03
   1.6088722e+03
   1.6099472e+03
   1.6109306e+03
   1.6119111e+03
   1.6128333e+03
   1.6133083e+03
   1.6143917e+03
   1.6156861e+03
   1.6165722e+03
   1.6176028e+03
   1.6185056e+03
   1.6193972e+03
   1.6203778e+03
   1.6214611e+03
   1.6224056e+03
   1.6233556e+03
   1.6244028e+03
   1.6252611e+03
   1.6262417e+03
   1.6273306e+03
   1.6283778e+03
   1.6292806e+03
   1.6303417e+03
   1.6313500e+03
   1.6323028e+03
   1.6334139e+03
   1.6343611e+03
   1.6354167e+03
   1.6362444e+03
   1.6372750e+03
   1.6382194e+03
   1.6392472e+03
   1.6402167e+03
   1.6412056e+03
   1.6421806e+03
   1.6430417e+03
   1.6440194e+03
   1.6450611e+03
   1.6460111e+03
   1.6470556e+03
   1.6480000e+03
   1.6489833e+03
   1.6499444e+03
   1.6509417e+03
   1.6519861e+03
   1.6529667e+03
   1.6538139e+03
   1.6547972e+03
   1.6557806e+03
   1.6563194e+03
   1.6578056e+03
   1.6587750e+03
   1.6596944e+03
   1.6606722e+03
   1.6616361e+03
   1.6625722e+03
   1.6636000e+03
   1.6647583e+03
   1.6656583e+03
   1.6664722e+03
   1.6676639e+03
   1.6687361e+03
   1.6697417e+03
   1.6707917e+03
   1.6717389e+03
   1.6726972e+03
   1.6736944e+03
   1.6747472e+03
   1.6757694e+03
   1.6767500e+03
   1.6777139e+03
   1.6786361e+03
   1.6796028e+03
   1.6806111e+03
   1.6816361e+03
   1.6826278e+03
   1.6835583e+03
   1.6845083e+03
   1.6854250e+03
   1.6863917e+03
   1.6873722e+03
   1.6883333e+03
   1.6892278e+03
   1.6901111e+03
   1.6909912e+03
   1.6918717e+03
   1.6927829e+03
   1.6934856e+03
   1.6946356e+03
   1.6955023e+03
   1.6963440e+03
   1.6972384e+03
   1.6981217e+03
   1.6990217e+03
   1.6999162e+03
   1.7007856e+03
   1.7016412e+03
   1.7024662e+03
   1.7032940e+03
   1.7041662e+03
   1.7050301e+03
   1.7058884e+03
   1.7065245e+03
   1.7073606e+03
   1.7083829e+03
   1.7092190e+03
   1.7100745e+03
   1.7107829e+03
   1.7116690e+03
   1.7125579e+03
   1.7136384e+03
   1.7145134e+03
   1.7153690e+03
   1.7162273e+03
   1.7171412e+03
   1.7179217e+03
   1.7188190e+03
   1.7196217e+03
   1.7201329e+03
   1.7208467e+03
   1.7218134e+03
   1.7228551e+03
   1.7237134e+03
   1.7245273e+03
   1.7253190e+03
   1.7260884e+03
   1.7268495e+03
   1.7276773e+03
   1.7284912e+03
   1.7293079e+03
   1.7301745e+03
   1.7309884e+03
   1.7317690e+03
   1.7325662e+03
   1.7333717e+03
   1.7342245e+03
   1.7350829e+03
   1.7359217e+03
   1.7367801e+03
   1.7375967e+03
   1.7383717e+03
   1.7391801e+03
   1.7399856e+03
   1.7408773e+03
   1.7417162e+03
   1.7425662e+03
   1.7434023e+03
   1.7441940e+03
   1.7450023e+03
   1.7458134e+03
   1.7466551e+03
   1.7475245e+03
   1.7483745e+03
   1.7491995e+03
   1.7500329e+03
   1.7508472e+03
   1.7516861e+03
   1.7523111e+03
   1.7533861e+03
   1.7539750e+03
