   2.6666667e-01
   5.8611111e-01
   1.1916667e+00
   1.8388889e+00
   2.4000000e+00
   2.7805556e+00
   3.5194444e+00
   4.1222222e+00
   4.7694444e+00
   5.2055556e+00
   5.8361111e+00
   6.2555556e+00
   6.5777778e+00
   6.9972222e+00
   7.3888889e+00
   7.7583333e+00
   8.1472222e+00
   8.6777778e+00
   9.2583333e+00
   9.6138889e+00
   1.0313889e+01
   1.1088889e+01
   1.1769444e+01
   1.2611111e+01
   1.3116667e+01
   1.3500000e+01
   1.4119444e+01
   1.4575000e+01
   1.5094444e+01
   1.5694444e+01
   1.6091667e+01
   1.6752778e+01
   1.7219444e+01
   1.7872222e+01
   1.8641667e+01
   1.9286111e+01
   2.0219444e+01
   2.1077778e+01
   2.1530556e+01
   2.1894444e+01
   2.2650000e+01
   2.3088889e+01
   2.3725000e+01
   2.4652778e+01
   2.5316667e+01
   2.5813889e+01
   2.6200000e+01
   2.6866667e+01
   2.7641667e+01
   2.8244444e+01
   2.9158333e+01
   3.0083333e+01
   3.0780556e+01
   3.1505556e+01
   3.2366667e+01
   3.2938889e+01
   3.3380556e+01
   3.4100000e+01
   3.4797222e+01
   3.5430556e+01
   3.6086111e+01
   3.6661111e+01
   3.7613889e+01
   3.8269444e+01
   3.8930556e+01
   3.9694444e+01
   4.0527778e+01
   4.1072222e+01
   4.1461111e+01
   4.2341667e+01
   4.2875000e+01
   4.3413889e+01
   4.4247222e+01
   4.4636111e+01
   4.5294444e+01
   4.6094444e+01
   4.6516667e+01
   4.6819444e+01
   4.7152778e+01
   4.7380556e+01
   4.7986111e+01
   4.8416667e+01
   4.8627778e+01
   4.9030556e+01
   4.9783333e+01
   5.0633333e+01
   5.1208333e+01
   5.1777778e+01
   5.2530556e+01
   5.3100000e+01
   5.3494444e+01
   5.3866667e+01
   5.4841667e+01
   5.5258333e+01
   5.5836111e+01
   5.6377778e+01
   5.6811111e+01
   5.7169444e+01
   5.7525000e+01
   5.8050000e+01
   5.8427778e+01
   5.8772222e+01
   5.9108333e+01
   5.9463889e+01
   6.0294444e+01
   6.0722222e+01
   6.0925000e+01
   6.1497222e+01
   6.1825000e+01
   6.2183333e+01
   6.2536111e+01
   6.2913889e+01
   6.3241667e+01
   6.3561111e+01
   6.4622222e+01
   6.5030556e+01
   6.5672222e+01
   6.6027778e+01
   6.6875000e+01
   6.7294444e+01
   6.7675000e+01
   6.8025000e+01
   6.8680556e+01
   6.9122222e+01
   6.9447222e+01
   7.0280556e+01
   7.0672222e+01
   7.1319444e+01
   7.2225000e+01
   7.3058333e+01
   7.3480556e+01
   7.3855556e+01
   7.4502778e+01
   7.4925000e+01
   7.5602778e+01
   7.6441667e+01
   7.7302778e+01
   7.7700000e+01
   7.8386111e+01
   7.9033333e+01
   7.9544444e+01
   8.0172222e+01
   8.0625000e+01
   8.1505556e+01
   8.1997222e+01
   8.2736111e+01
   8.3505556e+01
   8.4113889e+01
   8.4975000e+01
   8.5397222e+01
   8.6136111e+01
   8.6802778e+01
   8.7716667e+01
   8.8472222e+01
   8.8911111e+01
   8.9563889e+01
   9.0322222e+01
   9.0908333e+01
   9.1625000e+01
   9.2030556e+01
   9.2413889e+01
   9.2788889e+01
   9.3788889e+01
   9.4202778e+01
   9.5244444e+01
   9.5666667e+01
   9.6058333e+01
   9.6455556e+01
   9.7180556e+01
   9.7611111e+01
   9.7944444e+01
   9.8702778e+01
   9.9069444e+01
   9.9425000e+01
   9.9802778e+01
   1.0021944e+02
   1.0082222e+02
   1.0136944e+02
   1.0211944e+02
   1.0255556e+02
   1.0294722e+02
   1.0360000e+02
   1.0428056e+02
   1.0491111e+02
   1.0526111e+02
   1.0555556e+02
   1.0588889e+02
   1.0665000e+02
   1.0731667e+02
   1.0796667e+02
   1.0833611e+02
   1.0868056e+02
   1.0908611e+02
   1.0963611e+02
   1.1015278e+02
   1.1050278e+02
   1.1090000e+02
   1.1120278e+02
   1.1183056e+02
   1.1219722e+02
   1.1306667e+02
   1.1349167e+02
   1.1456111e+02
   1.1498056e+02
   1.1571944e+02
   1.1613889e+02
   1.1701944e+02
   1.1787778e+02
   1.1849722e+02
   1.1920278e+02
   1.1959167e+02
   1.2055833e+02
   1.2098611e+02
   1.2134444e+02
   1.2178056e+02
   1.2218333e+02
   1.2284167e+02
   1.2348889e+02
   1.2395556e+02
   1.2432222e+02
   1.2467778e+02
   1.2508889e+02
   1.2542500e+02
   1.2577222e+02
   1.2657222e+02
   1.2702778e+02
   1.2776389e+02
   1.2809722e+02
   1.2870833e+02
   1.2905556e+02
   1.2981111e+02
   1.3016111e+02
   1.3072778e+02
   1.3120833e+02
   1.3152500e+02
   1.3220556e+02
   1.3340833e+02
   1.3387500e+02
   1.3444722e+02
   1.3538333e+02
   1.3627778e+02
   1.3663889e+02
   1.3727500e+02
   1.3766111e+02
   1.3802500e+02
   1.3871389e+02
   1.3921944e+02
   1.4013333e+02
   1.4095556e+02
   1.4181389e+02
   1.4218611e+02
   1.4282778e+02
   1.4348056e+02
   1.4418333e+02
   1.4493889e+02
   1.4579167e+02
   1.4703611e+02
   1.4769167e+02
   1.4820833e+02
   1.4930000e+02
   1.5036667e+02
   1.5091389e+02
   1.5131111e+02
   1.5207500e+02
   1.5255833e+02
   1.5316944e+02
   1.5395556e+02
   1.5464444e+02
   1.5502778e+02
   1.5549444e+02
   1.5619722e+02
   1.5658333e+02
   1.5695000e+02
   1.5790000e+02
   1.5835556e+02
   1.5908333e+02
   1.5979722e+02
   1.6055278e+02
   1.6135278e+02
   1.6207222e+02
   1.6272222e+02
   1.6338333e+02
   1.6403611e+02
   1.6490556e+02
   1.6564444e+02
   1.6637778e+02
   1.6695278e+02
   1.6782222e+02
   1.6836667e+02
   1.6891667e+02
   1.6934722e+02
   1.7003056e+02
   1.7082222e+02
   1.7136944e+02
   1.7196111e+02
   1.7255000e+02
   1.7300278e+02
   1.7365278e+02
   1.7440556e+02
   1.7519722e+02
   1.7571111e+02
   1.7650833e+02
   1.7707500e+02
   1.7746944e+02
   1.7780000e+02
   1.7814444e+02
   1.7876111e+02
   1.7946944e+02
   1.8014722e+02
   1.8073889e+02
   1.8150556e+02
   1.8225000e+02
   1.8298889e+02
   1.8345278e+02
   1.8391944e+02
   1.8461111e+02
   1.8525278e+02
   1.8580000e+02
   1.8628056e+02
   1.8668611e+02
   1.8701944e+02
   1.8747778e+02
   1.8827222e+02
   1.8875833e+02
   1.8917222e+02
   1.8995000e+02
   1.9062222e+02
   1.9131667e+02
   1.9208333e+02
   1.9278611e+02
   1.9342500e+02
   1.9413333e+02
   1.9451111e+02
   1.9516944e+02
   1.9590278e+02
   1.9650556e+02
   1.9721389e+02
   1.9760833e+02
   1.9831389e+02
   1.9894444e+02
   1.9978889e+02
   2.0025278e+02
   2.0099722e+02
   2.0144444e+02
   2.0211111e+02
   2.0266667e+02
   2.0325278e+02
   2.0386667e+02
   2.0458333e+02
   2.0507500e+02
   2.0569444e+02
   2.0614444e+02
   2.0671111e+02
   2.0768611e+02
   2.0812222e+02
   2.0875833e+02
   2.0966667e+02
   2.1041944e+02
   2.1097500e+02
   2.1141111e+02
   2.1182500e+02
   2.1252500e+02
   2.1306944e+02
   2.1386389e+02
   2.1430000e+02
   2.1463333e+02
   2.1546111e+02
   2.1593333e+02
   2.1697778e+02
   2.1742222e+02
   2.1820833e+02
   2.1893889e+02
   2.1930556e+02
   2.2023889e+02
   2.2069722e+02
   2.2165833e+02
   2.2241389e+02
   2.2307500e+02
   2.2345000e+02
   2.2367222e+02
   2.2499444e+02
   2.2538889e+02
   2.2606944e+02
   2.2678611e+02
   2.2741667e+02
   2.2813889e+02
   2.2887500e+02
   2.2963611e+02
   2.3047778e+02
   2.3103611e+02
   2.3154722e+02
   2.3246389e+02
   2.3302500e+02
   2.3347222e+02
   2.3415278e+02
   2.3489722e+02
   2.3559722e+02
   2.3641111e+02
   2.3700556e+02
   2.3737222e+02
   2.3775556e+02
   2.3842778e+02
   2.3903056e+02
   2.3970278e+02
   2.4025278e+02
   2.4114444e+02
   2.4191667e+02
   2.4256389e+02
   2.4337222e+02
   2.4408056e+02
   2.4480000e+02
   2.4549444e+02
   2.4593333e+02
   2.4663056e+02
   2.4724722e+02
   2.4788056e+02
   2.4850833e+02
   2.4905833e+02
   2.4941944e+02
   2.4980278e+02
   2.5020278e+02
   2.5054167e+02
   2.5084444e+02
   2.5142500e+02
   2.5217222e+02
   2.5300833e+02
   2.5385000e+02
   2.5451944e+02
   2.5524167e+02
   2.5588611e+02
   2.5631944e+02
   2.5731667e+02
   2.5776111e+02
   2.5886944e+02
   2.5953056e+02
   2.6018056e+02
   2.6098889e+02
   2.6136944e+02
   2.6180278e+02
   2.6239444e+02
   2.6297222e+02
   2.6386389e+02
   2.6467222e+02
   2.6566111e+02
   2.6615000e+02
   2.6649722e+02
   2.6738056e+02
   2.6782778e+02
   2.6873889e+02
   2.6912500e+02
   2.6950556e+02
   2.7053889e+02
   2.7121389e+02
   2.7202778e+02
   2.7263611e+02
   2.7336667e+02
   2.7415833e+02
   2.7458333e+02
   2.7494167e+02
   2.7531389e+02
   2.7568056e+02
   2.7684167e+02
   2.7728889e+02
   2.7824444e+02
   2.7865278e+02
   2.7886389e+02
   2.7970278e+02
   2.8088889e+02
   2.8135278e+02
   2.8200556e+02
   2.8271389e+02
   2.8346389e+02
   2.8418611e+02
   2.8508056e+02
   2.8570278e+02
   2.8641111e+02
   2.8680278e+02
   2.8753333e+02
   2.8794167e+02
   2.8830000e+02
   2.8893333e+02
   2.8945556e+02
   2.9033611e+02
   2.9084167e+02
   2.9195833e+02
   2.9240000e+02
   2.9329167e+02
   2.9395000e+02
   2.9447500e+02
   2.9516389e+02
   2.9558056e+02
   2.9599167e+02
   2.9624444e+02
   2.9686389e+02
   2.9751389e+02
   2.9829444e+02
   2.9903611e+02
   2.9956111e+02
   2.9992222e+02
   3.0057222e+02
   3.0131944e+02
   3.0171111e+02
   3.0208056e+02
   3.0273611e+02
   3.0308333e+02
   3.0451944e+02
   3.0453611e+02
   3.0494167e+02
   3.0531667e+02
   3.0566667e+02
   3.0596944e+02
   3.0641944e+02
   3.0680556e+02
   3.0780000e+02
   3.0823333e+02
   3.0895556e+02
   3.0935556e+02
   3.0977500e+02
   3.1039444e+02
   3.1075833e+02
   3.1109167e+02
   3.1149167e+02
   3.1225278e+02
   3.1318889e+02
   3.1371944e+02
   3.1460556e+02
   3.1512500e+02
   3.1578611e+02
   3.1617222e+02
   3.1694444e+02
   3.1764167e+02
   3.1834167e+02
   3.1878611e+02
   3.1953611e+02
   3.2027222e+02
   3.2076111e+02
   3.2150278e+02
   3.2225278e+02
   3.2300833e+02
   3.2360833e+02
   3.2385000e+02
   3.2425000e+02
   3.2501944e+02
   3.2577222e+02
   3.2645556e+02
   3.2703889e+02
   3.2740833e+02
   3.2781111e+02
   3.2843333e+02
   3.2883056e+02
   3.2928333e+02
   3.2990000e+02
   3.3066667e+02
   3.3138611e+02
   3.3234167e+02
   3.3310556e+02
   3.3384722e+02
   3.3434167e+02
   3.3502500e+02
   3.3571389e+02
   3.3617778e+02
   3.3686667e+02
   3.3763333e+02
   3.3809167e+02
   3.3845556e+02
   3.3910000e+02
   3.3997778e+02
   3.4035833e+02
   3.4072500e+02
   3.4177222e+02
   3.4221111e+02
   3.4295000e+02
   3.4339444e+02
   3.4376667e+02
   3.4415000e+02
   3.4451667e+02
   3.4518056e+02
   3.4568333e+02
   3.4634444e+02
   3.4726389e+02
   3.4781944e+02
   3.4821389e+02
   3.4926389e+02
   3.4974722e+02
   3.5046667e+02
   3.5110278e+02
   3.5168056e+02
   3.5253056e+02
   3.5293611e+02
   3.5343611e+02
   3.5393056e+02
   3.5458333e+02
   3.5546944e+02
   3.5609722e+02
   3.5690000e+02
   3.5756667e+02
   3.5792222e+02
   3.5828333e+02
   3.5860833e+02
   3.5893611e+02
   3.5961944e+02
   3.5998889e+02
   3.6070556e+02
   3.6181111e+02
   3.6250278e+02
   3.6349167e+02
   3.6418333e+02
   3.6484444e+02
   3.6599444e+02
   3.6675278e+02
   3.6767778e+02
   3.6846111e+02
   3.6935833e+02
   3.7000833e+02
   3.7098611e+02
   3.7179722e+02
   3.7242778e+02
   3.7334722e+02
   3.7396111e+02
   3.7449444e+02
   3.7515556e+02
   3.7581667e+02
   3.7670833e+02
   3.7746667e+02
   3.7860833e+02
   3.7908056e+02
   3.7966111e+02
   3.8004722e+02
   3.8067778e+02
   3.8117500e+02
   3.8153611e+02
   3.8186111e+02
   3.8249167e+02
   3.8292778e+02
   3.8334167e+02
   3.8400278e+02
   3.8440556e+02
   3.8473056e+02
   3.8547500e+02
   3.8623611e+02
   3.8680556e+02
   3.8732222e+02
   3.8788056e+02
   3.8835833e+02
   3.8899444e+02
   3.8968889e+02
   3.9047222e+02
   3.9136389e+02
   3.9213611e+02
   3.9301111e+02
   3.9362222e+02
   3.9451389e+02
   3.9530833e+02
   3.9591667e+02
   3.9666667e+02
   3.9737778e+02
   3.9786944e+02
   3.9847500e+02
   3.9957500e+02
   4.0035000e+02
   4.0086667e+02
   4.0149167e+02
   4.0194167e+02
   4.0258611e+02
   4.0301111e+02
   4.0366667e+02
   4.0423333e+02
   4.0459444e+02
   4.0492500e+02
   4.0532222e+02
   4.0568611e+02
   4.0602222e+02
   4.0636667e+02
   4.0678056e+02
   4.0765556e+02
   4.0840278e+02
   4.0907222e+02
   4.0971111e+02
   4.1042222e+02
   4.1115278e+02
   4.1146944e+02
   4.1232778e+02
   4.1273611e+02
   4.1325833e+02
   4.1365000e+02
   4.1438056e+02
   4.1485833e+02
   4.1548611e+02
   4.1626389e+02
   4.1715556e+02
   4.1773333e+02
   4.1823056e+02
   4.1860278e+02
   4.1933333e+02
   4.2002778e+02
   4.2072778e+02
   4.2167778e+02
   4.2261111e+02
   4.2312778e+02
   4.2369722e+02
   4.2436944e+02
   4.2510556e+02
   4.2590278e+02
   4.2632500e+02
   4.2667222e+02
   4.2738333e+02
   4.2811944e+02
   4.2852778e+02
   4.2906111e+02
   4.2949167e+02
   4.3018333e+02
   4.3058889e+02
   4.3128889e+02
   4.3191389e+02
   4.3300000e+02
   4.3360278e+02
   4.3456389e+02
   4.3530278e+02
   4.3597222e+02
   4.3668056e+02
   4.3711389e+02
   4.3811389e+02
   4.3858333e+02
   4.3917778e+02
   4.3988056e+02
   4.4057778e+02
   4.4129722e+02
   4.4168611e+02
   4.4206389e+02
   4.4293333e+02
   4.4336944e+02
   4.4406389e+02
   4.4500278e+02
   4.4557778e+02
   4.4634722e+02
   4.4675000e+02
   4.4695833e+02
   4.4775833e+02
   4.4816944e+02
   4.4888889e+02
   4.4927778e+02
   4.4968611e+02
   4.5008889e+02
   4.5087222e+02
   4.5147500e+02
   4.5258056e+02
   4.5300833e+02
   4.5370556e+02
   4.5408333e+02
   4.5471111e+02
   4.5563056e+02
   4.5617222e+02
   4.5686111e+02
   4.5752500e+02
   4.5817222e+02
   4.5871389e+02
   4.5909722e+02
   4.5988611e+02
   4.6031944e+02
   4.6091944e+02
   4.6174722e+02
   4.6258611e+02
   4.6360278e+02
   4.6405000e+02
   4.6506111e+02
   4.6595000e+02
   4.6669167e+02
   4.6708056e+02
   4.6756944e+02
   4.6841944e+02
   4.6875000e+02
   4.6942778e+02
   4.6986389e+02
   4.7025278e+02
   4.7061944e+02
   4.7098056e+02
   4.7168333e+02
   4.7208333e+02
   4.7334444e+02
   4.7398611e+02
   4.7436111e+02
   4.7470000e+02
   4.7548889e+02
   4.7594444e+02
   4.7677222e+02
   4.7725000e+02
   4.7768056e+02
   4.7823333e+02
   4.7905833e+02
   4.7961389e+02
   4.7998611e+02
   4.8041389e+02
   4.8078333e+02
   4.8120278e+02
   4.8211944e+02
   4.8254167e+02
   4.8299167e+02
   4.8358611e+02
   4.8428333e+02
   4.8501944e+02
   4.8575556e+02
   4.8618611e+02
   4.8672778e+02
   4.8755833e+02
   4.8812778e+02
   4.8883611e+02
   4.8951111e+02
   4.9013611e+02
   4.9104167e+02
   4.9174722e+02
   4.9237778e+02
   4.9354722e+02
   4.9411667e+02
   4.9453056e+02
   4.9521389e+02
   4.9558889e+02
   4.9597222e+02
   4.9666389e+02
   4.9717500e+02
   4.9787222e+02
   4.9827500e+02
   4.9868056e+02
   4.9907778e+02
   4.9945556e+02
   5.0013333e+02
   5.0056667e+02
   5.0102778e+02
   5.0160278e+02
   5.0237222e+02
   5.0287500e+02
   5.0321944e+02
   5.0361111e+02
   5.0424444e+02
   5.0490000e+02
   5.0587222e+02
   5.0628333e+02
   5.0724167e+02
   5.0800000e+02
   5.0869722e+02
   5.0906944e+02
   5.0929167e+02
   5.0982500e+02
   5.1066389e+02
   5.1109722e+02
   5.1145278e+02
   5.1180556e+02
   5.1219444e+02
   5.1305278e+02
   5.1346667e+02
   5.1405833e+02
   5.1480556e+02
   5.1570833e+02
   5.1618056e+02
   5.1701944e+02
   5.1816389e+02
   5.1858056e+02
   5.1933889e+02
   5.1988333e+02
   5.2062500e+02
   5.2110556e+02
   5.2180556e+02
   5.2264722e+02
   5.2343611e+02
   5.2470278e+02
   5.2580278e+02
   5.2631111e+02
   5.2702222e+02
   5.2744167e+02
   5.2776667e+02
   5.2853611e+02
   5.2941944e+02
   5.3007778e+02
   5.3078611e+02
   5.3138889e+02
   5.3178056e+02
   5.3220278e+02
   5.3327222e+02
   5.3362778e+02
   5.3418611e+02
   5.3523889e+02
   5.3589167e+02
   5.3695556e+02
   5.3747222e+02
   5.3778889e+02
   5.3857778e+02
   5.3920278e+02
   5.3960833e+02
   5.4001111e+02
   5.4037778e+02
   5.4075000e+02
   5.4131389e+02
   5.4207222e+02
   5.4320000e+02
   5.4388611e+02
   5.4440556e+02
   5.4498056e+02
   5.4599167e+02
   5.4634722e+02
   5.4716667e+02
   5.4756389e+02
   5.4821944e+02
   5.4895000e+02
   5.4964444e+02
   5.5003611e+02
   5.5041944e+02
   5.5078611e+02
   5.5145278e+02
   5.5226111e+02
   5.5283056e+02
   5.5319444e+02
   5.5561389e+02
   5.5627222e+02
   5.5699167e+02
   5.5771389e+02
   5.5826944e+02
   5.5885000e+02
   5.5959167e+02
   5.6016389e+02
   5.6064444e+02
   5.6112222e+02
   5.6198333e+02
   5.6252222e+02
   5.6311389e+02
   5.6353333e+02
   5.6447222e+02
   5.6501667e+02
   5.6561944e+02
   5.6623056e+02
   5.6676111e+02
   5.6721667e+02
   5.6791111e+02
   5.6828333e+02
   5.6878056e+02
   5.6953611e+02
   5.7018056e+02
   5.7088056e+02
   5.7152778e+02
   5.7223056e+02
   5.7266389e+02
   5.7333056e+02
   5.7372222e+02
   5.7434444e+02
   5.7482222e+02
   5.7549167e+02
   5.7595000e+02
   5.7635556e+02
   5.7719444e+02
   5.7784722e+02
   5.7832500e+02
   5.7930000e+02
   5.8001111e+02
   5.8066111e+02
   5.8132778e+02
   5.8196111e+02
   5.8244167e+02
   5.8315833e+02
   5.8379167e+02
   5.8417778e+02
   5.8531667e+02
   5.8569167e+02
   5.8667222e+02
   5.8708333e+02
   5.8808611e+02
   5.8853333e+02
   5.8943611e+02
   5.8997778e+02
   5.9058889e+02
   5.9097778e+02
   5.9131667e+02
   5.9216111e+02
   5.9258889e+02
   5.9276111e+02
   5.9335833e+02
   5.9375278e+02
   5.9413611e+02
   5.9486111e+02
   5.9567500e+02
   5.9641944e+02
   5.9708889e+02
   5.9794722e+02
   5.9832778e+02
   5.9909722e+02
   5.9973056e+02
   6.0005278e+02
   6.0043889e+02
   6.0118889e+02
   6.0182222e+02
   6.0220556e+02
   6.0276944e+02
   6.0311944e+02
   6.0406389e+02
   6.0478889e+02
   6.0542778e+02
   6.0608889e+02
   6.0671389e+02
   6.0717500e+02
   6.0783056e+02
   6.0826944e+02
   6.0888611e+02
   6.0958611e+02
   6.0995833e+02
   6.1072222e+02
   6.1141944e+02
   6.1214722e+02
   6.1281667e+02
   6.1353333e+02
   6.1394722e+02
   6.1446667e+02
   6.1508333e+02
   6.1552222e+02
   6.1612222e+02
   6.1686667e+02
   6.1735000e+02
   6.1808056e+02
   6.1883333e+02
   6.1921111e+02
   6.1954722e+02
   6.1994444e+02
   6.2040556e+02
   6.2081111e+02
   6.2138056e+02
   6.2191667e+02
   6.2246389e+02
   6.2316389e+02
   6.2375000e+02
   6.2429167e+02
   6.2495278e+02
   6.2558889e+02
   6.2676111e+02
   6.2719167e+02
   6.2814167e+02
   6.2881389e+02
   6.2919444e+02
   6.2996389e+02
   6.3030000e+02
   6.3108056e+02
   6.3161389e+02
   6.3204444e+02
   6.3282500e+02
   6.3319444e+02
   6.3386667e+02
   6.3420556e+02
   6.3488056e+02
   6.3564167e+02
   6.3636667e+02
   6.3677778e+02
   6.3732778e+02
   6.3769167e+02
   6.3838333e+02
   6.3900556e+02
   6.3951389e+02
   6.3980833e+02
   6.4025000e+02
   6.4095278e+02
   6.4132222e+02
   6.4162222e+02
   6.4197222e+02
   6.4235278e+02
   6.4298056e+02
   6.4354167e+02
   6.4443333e+02
   6.4500833e+02
   6.4534722e+02
   6.4576111e+02
   6.4666111e+02
   6.4706111e+02
   6.4777222e+02
   6.4841111e+02
   6.4901111e+02
   6.4944167e+02
   6.5010556e+02
   6.5048611e+02
   6.5083611e+02
   6.5120278e+02
   6.5192500e+02
   6.5231944e+02
   6.5308333e+02
   6.5361944e+02
   6.5431667e+02
   6.5500556e+02
   6.5581944e+02
   6.5618611e+02
   6.5655278e+02
   6.5751111e+02
   6.5829722e+02
   6.5904722e+02
   6.5958611e+02
   6.6016389e+02
   6.6082500e+02
   6.6162778e+02
   6.6218889e+02
   6.6256667e+02
   6.6321667e+02
   6.6401667e+02
   6.6466944e+02
   6.6517222e+02
   6.6572778e+02
   6.6647500e+02
   6.6719444e+02
   6.6757222e+02
   6.6812222e+02
   6.6876111e+02
   6.6912778e+02
   6.6990278e+02
   6.7055556e+02
   6.7135278e+02
   6.7207222e+02
   6.7295000e+02
   6.7396944e+02
   6.7471111e+02
   6.7544444e+02
   6.7613889e+02
   6.7668056e+02
   6.7706389e+02
   6.7741944e+02
   6.7810278e+02
   6.7863889e+02
   6.7950556e+02
   6.8023056e+02
   6.8084722e+02
   6.8149722e+02
   6.8220556e+02
   6.8266111e+02
   6.8348333e+02
   6.8407222e+02
   6.8451111e+02
   6.8514444e+02
   6.8557222e+02
   6.8613611e+02
   6.8672500e+02
   6.8747222e+02
   6.8785278e+02
   6.8861111e+02
   6.8925000e+02
   6.8962500e+02
   6.9006944e+02
   6.9092500e+02
   6.9162222e+02
   6.9196944e+02
   6.9266111e+02
   6.9306111e+02
   6.9370556e+02
   6.9431944e+02
   6.9496944e+02
   6.9543889e+02
   6.9587778e+02
   6.9640556e+02
   6.9678056e+02
   6.9718333e+02
   6.9769722e+02
   6.9812778e+02
   6.9851667e+02
   6.9909444e+02
   6.9943056e+02
   6.9997222e+02
   7.0066389e+02
   7.0120000e+02
   7.0160833e+02
   7.0198056e+02
   7.0263889e+02
   7.0308889e+02
   7.0360000e+02
   7.0415000e+02
   7.0486111e+02
   7.0550278e+02
   7.0587778e+02
   7.0624722e+02
   7.0698333e+02
   7.0790000e+02
   7.0837222e+02
   7.0907778e+02
   7.0980000e+02
   7.1015000e+02
   7.1046111e+02
   7.1079167e+02
   7.1136667e+02
   7.1203611e+02
   7.1285000e+02
   7.1331944e+02
   7.1397778e+02
   7.1437500e+02
   7.1509722e+02
   7.1549167e+02
   7.1629167e+02
   7.1697500e+02
   7.1747778e+02
   7.1810000e+02
   7.1844722e+02
   7.1908889e+02
   7.1945000e+02
   7.2023333e+02
   7.2082500e+02
   7.2139444e+02
   7.2179444e+02
   7.2232500e+02
   7.2287222e+02
   7.2333611e+02
   7.2385833e+02
   7.2457500e+02
   7.2499722e+02
   7.2559722e+02
   7.2602222e+02
   7.2639722e+02
   7.2707500e+02
   7.2793889e+02
   7.2829444e+02
   7.2858333e+02
   7.2906111e+02
   7.2964722e+02
   7.3007222e+02
   7.3066944e+02
   7.3125000e+02
   7.3199444e+02
   7.3261389e+02
   7.3330278e+02
   7.3368889e+02
   7.3439722e+02
   7.3493889e+02
   7.3550278e+02
   7.3607222e+02
   7.3651111e+02
   7.3684167e+02
   7.3719722e+02
   7.3772222e+02
   7.3847778e+02
   7.3915278e+02
   7.3979444e+02
   7.4040833e+02
   7.4113333e+02
   7.4175000e+02
   7.4210000e+02
   7.4245556e+02
   7.4311667e+02
   7.4346667e+02
   7.4418611e+02
   7.4477500e+02
   7.4550000e+02
   7.4591389e+02
   7.4676389e+02
   7.4747222e+02
   7.4782500e+02
   7.4813889e+02
   7.4848056e+02
   7.4910556e+02
   7.4967222e+02
   7.5015556e+02
   7.5077778e+02
   7.5130833e+02
   7.5187222e+02
   7.5220278e+02
   7.5241389e+02
   7.5306111e+02
   7.5380833e+02
   7.5415833e+02
   7.5450833e+02
   7.5515833e+02
   7.5554722e+02
   7.5611111e+02
   7.5697778e+02
   7.5774167e+02
   7.5811111e+02
   7.5845833e+02
   7.5876944e+02
   7.5910278e+02
   7.5980556e+02
   7.6029167e+02
   7.6097500e+02
   7.6132778e+02
   7.6198333e+02
   7.6266667e+02
   7.6330556e+02
   7.6405833e+02
   7.6451944e+02
   7.6487778e+02
   7.6518611e+02
   7.6552500e+02
   7.6594444e+02
   7.6628333e+02
   7.6708333e+02
   7.6751111e+02
   7.6800833e+02
   7.6853611e+02
   7.6913333e+02
   7.6959167e+02
   7.7012500e+02
   7.7067222e+02
   7.7131389e+02
   7.7191667e+02
   7.7230000e+02
   7.7258056e+02
   7.7294167e+02
   7.7360833e+02
   7.7427222e+02
   7.7463611e+02
   7.7501944e+02
   7.7579167e+02
   7.7619167e+02
   7.7650833e+02
   7.7703889e+02
   7.7752500e+02
   7.7815278e+02
   7.7890833e+02
   7.7955278e+02
   7.8036944e+02
   7.8088333e+02
   7.8158333e+02
   7.8228333e+02
   7.8246389e+02
   7.8324722e+02
   7.8388889e+02
   7.8436944e+02
   7.8474167e+02
   7.8515833e+02
   7.8561667e+02
   7.8630000e+02
   7.8676667e+02
   7.8738611e+02
   7.8781667e+02
   7.8813889e+02
   7.8851667e+02
   7.8918889e+02
   7.8981111e+02
   7.9055000e+02
   7.9128056e+02
   7.9165000e+02
   7.9204167e+02
   7.9254167e+02
   7.9302778e+02
   7.9340000e+02
   7.9376111e+02
   7.9432778e+02
   7.9473333e+02
   7.9530000e+02
   7.9597500e+02
   7.9629722e+02
   7.9666111e+02
   7.9724167e+02
   7.9759167e+02
   7.9793611e+02
   7.9856389e+02
   7.9949444e+02
   7.9986667e+02
   8.0020556e+02
   8.0084722e+02
   8.0131667e+02
   8.0205556e+02
   8.0266667e+02
   8.0296389e+02
   8.0376111e+02
   8.0419722e+02
   8.0475000e+02
   8.0555278e+02
   8.0595000e+02
   8.0660556e+02
   8.0709722e+02
   8.0756667e+02
   8.0847222e+02
   8.0883611e+02
   8.0955833e+02
   8.1040833e+02
   8.1099722e+02
   8.1149444e+02
   8.1237778e+02
   8.1286389e+02
   8.1320556e+02
   8.1349722e+02
   8.1390278e+02
   8.1466389e+02
   8.1503333e+02
   8.1557778e+02
   8.1591389e+02
   8.1648889e+02
   8.1684167e+02
   8.1722778e+02
   8.1816111e+02
   8.1853889e+02
   8.1922500e+02
   8.1981944e+02
   8.2055833e+02
   8.2096389e+02
   8.2149167e+02
   8.2218889e+02
   8.2268889e+02
   8.2307500e+02
   8.2342500e+02
   8.2376944e+02
   8.2455278e+02
   8.2495833e+02
   8.2526111e+02
   8.2563889e+02
   8.2623889e+02
   8.2682222e+02
   8.2755000e+02
   8.2826111e+02
   8.2892500e+02
   8.2933333e+02
   8.2966944e+02
   8.2999722e+02
   8.3067778e+02
   8.3136111e+02
   8.3182778e+02
   8.3226944e+02
   8.3285556e+02
   8.3366667e+02
   8.3410000e+02
   8.3471667e+02
   8.3544444e+02
   8.3602500e+02
   8.3648056e+02
   8.3709444e+02
   8.3749167e+02
   8.3784722e+02
   8.3818333e+02
   8.3864722e+02
   8.3890000e+02
   8.3929167e+02
   8.3969167e+02
   8.4008611e+02
   8.4070000e+02
   8.4111944e+02
   8.4213333e+02
   8.4253333e+02
   8.4311667e+02
   8.4371111e+02
   8.4404444e+02
   8.4451944e+02
   8.4506944e+02
   8.4581667e+02
   8.4638611e+02
   8.4677222e+02
   8.4728611e+02
   8.4765833e+02
   8.4828056e+02
   8.4926667e+02
   8.4995556e+02
   8.5075278e+02
   8.5170000e+02
   8.5236944e+02
   8.5285833e+02
   8.5360278e+02
   8.5397500e+02
   8.5485833e+02
   8.5548056e+02
   8.5578333e+02
   8.5670278e+02
   8.5717778e+02
   8.5781389e+02
   8.5870556e+02
   8.5904722e+02
   8.5963611e+02
   8.6065833e+02
   8.6110278e+02
   8.6147222e+02
   8.6178889e+02
   8.6246111e+02
   8.6318889e+02
   8.6403611e+02
   8.6471389e+02
   8.6536667e+02
   8.6616944e+02
   8.6673611e+02
   8.6731667e+02
   8.6785000e+02
   8.6838889e+02
   8.6914722e+02
   8.6952500e+02
   8.6983889e+02
   8.7021389e+02
   8.7058333e+02
   8.7114722e+02
   8.7192778e+02
   8.7255000e+02
   8.7298611e+02
   8.7335278e+02
   8.7366389e+02
   8.7400556e+02
   8.7451944e+02
   8.7523056e+02
   8.7589722e+02
   8.7632778e+02
   8.7691944e+02
   8.7750556e+02
   8.7784722e+02
   8.7816389e+02
   8.7850278e+02
   8.7910833e+02
   8.7950000e+02
   8.8012778e+02
   8.8076111e+02
   8.8116389e+02
   8.8188611e+02
   8.8256667e+02
   8.8292222e+02
   8.8333611e+02
   8.8381111e+02
   8.8448611e+02
   8.8529444e+02
   8.8564167e+02
   8.8609444e+02
   8.8669167e+02
   8.8730833e+02
   8.8792222e+02
   8.8832222e+02
   8.8904444e+02
   8.8970556e+02
   8.9005278e+02
   8.9103889e+02
   8.9141944e+02
   8.9227500e+02
   8.9283333e+02
   8.9351667e+02
   8.9414167e+02
   8.9453611e+02
   8.9490833e+02
   8.9528611e+02
   8.9567500e+02
   8.9606667e+02
   8.9694722e+02
   8.9734722e+02
   8.9787500e+02
   8.9837222e+02
   8.9883333e+02
   8.9931667e+02
   8.9971111e+02
   9.0003333e+02
   9.0075833e+02
   9.0148889e+02
   9.0195000e+02
   9.0231389e+02
   9.0289722e+02
   9.0355833e+02
   9.0397778e+02
   9.0424167e+02
   9.0468333e+02
   9.0510278e+02
   9.0545000e+02
   9.0618056e+02
   9.0660000e+02
   9.0714444e+02
   9.0748889e+02
   9.0820000e+02
   9.0881111e+02
   9.0946667e+02
   9.1010556e+02
   9.1053056e+02
   9.1094167e+02
   9.1155556e+02
   9.1210556e+02
   9.1297222e+02
   9.1364722e+02
   9.1435278e+02
   9.1469722e+02
   9.1517778e+02
   9.1531667e+02
   9.1575278e+02
   9.1624444e+02
   9.1661944e+02
   9.1697778e+02
   9.1793611e+02
   9.1858611e+02
   9.1935556e+02
   9.2005000e+02
   9.2058333e+02
   9.2108889e+02
   9.2158611e+02
   9.2195000e+02
   9.2254167e+02
   9.2316944e+02
   9.2395278e+02
   9.2434444e+02
   9.2467500e+02
   9.2504167e+02
   9.2543333e+02
   9.2601111e+02
   9.2684167e+02
   9.2724444e+02
   9.2757500e+02
   9.2830278e+02
   9.2904167e+02
   9.2978889e+02
   9.3021389e+02
   9.3095833e+02
   9.3167500e+02
   9.3212500e+02
   9.3260556e+02
   9.3331389e+02
   9.3383056e+02
   9.3418333e+02
   9.3483333e+02
   9.3527500e+02
   9.3587500e+02
   9.3658889e+02
   9.3740278e+02
   9.3801389e+02
   9.3875556e+02
   9.3972222e+02
   9.4033333e+02
   9.4088889e+02
   9.4161389e+02
   9.4263333e+02
   9.4330278e+02
   9.4414722e+02
   9.4452500e+02
   9.4488056e+02
   9.4526389e+02
   9.4558056e+02
   9.4618333e+02
   9.4660556e+02
   9.4740833e+02
   9.4836111e+02
   9.4914444e+02
   9.4997500e+02
   9.5078056e+02
   9.5137778e+02
   9.5201389e+02
   9.5244444e+02
   9.5310000e+02
   9.5364722e+02
   9.5448333e+02
   9.5524722e+02
   9.5584722e+02
   9.5623889e+02
   9.5658333e+02
   9.5696944e+02
   9.5760278e+02
   9.5806111e+02
   9.5869722e+02
   9.5969722e+02
   9.6050000e+02
   9.6101389e+02
   9.6184722e+02
   9.6261111e+02
   9.6356389e+02
   9.6415556e+02
   9.6457500e+02
   9.6491667e+02
   9.6527500e+02
   9.6566667e+02
   9.6645833e+02
   9.6690278e+02
   9.6751944e+02
   9.6786944e+02
   9.6864444e+02
   9.6920000e+02
   9.6980833e+02
   9.7044444e+02
   9.7124444e+02
   9.7188611e+02
   9.7274167e+02
   9.7336389e+02
   9.7376667e+02
   9.7407222e+02
   9.7475000e+02
   9.7515833e+02
   9.7573889e+02
   9.7640556e+02
   9.7741111e+02
   9.7824722e+02
   9.7878889e+02
   9.7972500e+02
   9.8059167e+02
   9.8142500e+02
   9.8197778e+02
   9.8273889e+02
   9.8359444e+02
   9.8438056e+02
   9.8507778e+02
   9.8578889e+02
   9.8665833e+02
   9.8741944e+02
   9.8805278e+02
   9.8842222e+02
   9.8927222e+02
   9.8969167e+02
   9.9011111e+02
   9.9078611e+02
   9.9153333e+02
   9.9256944e+02
   9.9376111e+02
   9.9415833e+02
   9.9544444e+02
   9.9608333e+02
   9.9647778e+02
   9.9685556e+02
   9.9777500e+02
   9.9823056e+02
   9.9910833e+02
   9.9980556e+02
   1.0008778e+03
   1.0015417e+03
   1.0019194e+03
   1.0028528e+03
   1.0036639e+03
   1.0046333e+03
   1.0052556e+03
   1.0058889e+03
   1.0066083e+03
   1.0070722e+03
   1.0077083e+03
   1.0083722e+03
   1.0087278e+03
   1.0090750e+03
   1.0095361e+03
   1.0099472e+03
   1.0103500e+03
   1.0106694e+03
   1.0110250e+03
   1.0115528e+03
   1.0120833e+03
   1.0125028e+03
   1.0131750e+03
   1.0136778e+03
   1.0144500e+03
   1.0150083e+03
   1.0159528e+03
   1.0163917e+03
   1.0173250e+03
   1.0179667e+03
   1.0185528e+03
   1.0195417e+03
   1.0203278e+03
   1.0206833e+03
   1.0210639e+03
   1.0215167e+03
   1.0221944e+03
   1.0226639e+03
   1.0231472e+03
   1.0235833e+03
   1.0245333e+03
   1.0249444e+03
   1.0255972e+03
   1.0263111e+03
   1.0269639e+03
   1.0275583e+03
   1.0282944e+03
   1.0289167e+03
   1.0292889e+03
   1.0298889e+03
   1.0302556e+03
   1.0309611e+03
   1.0314694e+03
   1.0321389e+03
   1.0327222e+03
   1.0331472e+03
   1.0335222e+03
   1.0341611e+03
   1.0345278e+03
   1.0347389e+03
   1.0355361e+03
   1.0359583e+03
   1.0364306e+03
   1.0369028e+03
   1.0373944e+03
   1.0379083e+03
   1.0383556e+03
   1.0388139e+03
   1.0391917e+03
   1.0395750e+03
   1.0401694e+03
   1.0405861e+03
   1.0409722e+03
   1.0411667e+03
   1.0420667e+03
   1.0427333e+03
   1.0431611e+03
   1.0438917e+03
   1.0445611e+03
   1.0454889e+03
   1.0461806e+03
   1.0470667e+03
   1.0478167e+03
   1.0481667e+03
   1.0487778e+03
   1.0495111e+03
   1.0501667e+03
   1.0512167e+03
   1.0516750e+03
   1.0520500e+03
   1.0527083e+03
   1.0533389e+03
   1.0540278e+03
   1.0543861e+03
   1.0550722e+03
   1.0557778e+03
   1.0564722e+03
   1.0568889e+03
   1.0580806e+03
   1.0584972e+03
   1.0592639e+03
   1.0599611e+03
   1.0605778e+03
   1.0610028e+03
   1.0617944e+03
   1.0626417e+03
   1.0635278e+03
   1.0646639e+03
   1.0651778e+03
   1.0655444e+03
   1.0661861e+03
   1.0665722e+03
   1.0675417e+03
   1.0680000e+03
   1.0687444e+03
   1.0695944e+03
   1.0700056e+03
   1.0703833e+03
   1.0710056e+03
   1.0720722e+03
   1.0724861e+03
   1.0731500e+03
   1.0738889e+03
   1.0746583e+03
   1.0750667e+03
   1.0754639e+03
   1.0758167e+03
   1.0762306e+03
   1.0769278e+03
   1.0772667e+03
   1.0781861e+03
   1.0785833e+03
   1.0794000e+03
   1.0803167e+03
   1.0813583e+03
   1.0824389e+03
   1.0831556e+03
   1.0837750e+03
   1.0844972e+03
   1.0855278e+03
   1.0859806e+03
   1.0870389e+03
   1.0879250e+03
   1.0888750e+03
   1.0894000e+03
   1.0899278e+03
   1.0902778e+03
   1.0910028e+03
   1.0916667e+03
   1.0924139e+03
   1.0928250e+03
   1.0936917e+03
   1.0941722e+03
   1.0948250e+03
   1.0954722e+03
   1.0958583e+03
   1.0963944e+03
   1.0971639e+03
   1.0977361e+03
   1.0984583e+03
   1.0994083e+03
   1.1000778e+03
   1.1007639e+03
   1.1014667e+03
   1.1022806e+03
   1.1026639e+03
   1.1029861e+03
   1.1036806e+03
   1.1045583e+03
   1.1054639e+03
   1.1064139e+03
   1.1068944e+03
   1.1077278e+03
   1.1084056e+03
   1.1092139e+03
   1.1099694e+03
   1.1107556e+03
   1.1112333e+03
   1.1120389e+03
   1.1125778e+03
   1.1131028e+03
   1.1136333e+03
   1.1139944e+03
   1.1145333e+03
   1.1153778e+03
   1.1160472e+03
   1.1168306e+03
   1.1174250e+03
   1.1185000e+03
   1.1194000e+03
   1.1199389e+03
   1.1203028e+03
   1.1207028e+03
   1.1213167e+03
   1.1216889e+03
   1.1219028e+03
   1.1224361e+03
   1.1231917e+03
   1.1238889e+03
   1.1245194e+03
   1.1249194e+03
   1.1256694e+03
   1.1260583e+03
   1.1264111e+03
   1.1271306e+03
   1.1276528e+03
   1.1280639e+03
   1.1290917e+03
   1.1295361e+03
   1.1303611e+03
   1.1310972e+03
   1.1317222e+03
   1.1320806e+03
   1.1323694e+03
   1.1327667e+03
   1.1332250e+03
   1.1336333e+03
   1.1340750e+03
   1.1346889e+03
   1.1352139e+03
   1.1357861e+03
   1.1361611e+03
   1.1364833e+03
   1.1368167e+03
   1.1372056e+03
   1.1375278e+03
   1.1378806e+03
   1.1382528e+03
   1.1386500e+03
   1.1391889e+03
   1.1394083e+03
   1.1401556e+03
   1.1406000e+03
   1.1415417e+03
   1.1421778e+03
   1.1425861e+03
   1.1432417e+03
   1.1440528e+03
   1.1448028e+03
   1.1458806e+03
   1.1466361e+03
   1.1470389e+03
   1.1479194e+03
   1.1483194e+03
   1.1486556e+03
   1.1489694e+03
   1.1497694e+03
   1.1501694e+03
   1.1515722e+03
   1.1520306e+03
   1.1526250e+03
   1.1530000e+03
   1.1536889e+03
   1.1550028e+03
   1.1554306e+03
   1.1559500e+03
   1.1564972e+03
   1.1568583e+03
   1.1573111e+03
   1.1580250e+03
   1.1583944e+03
   1.1587639e+03
   1.1593889e+03
   1.1602306e+03
   1.1607167e+03
   1.1619444e+03
   1.1623639e+03
   1.1627694e+03
   1.1632972e+03
   1.1637333e+03
   1.1644639e+03
   1.1647500e+03
   1.1650028e+03
   1.1656861e+03
   1.1663333e+03
   1.1666778e+03
   1.1669056e+03
   1.1674278e+03
   1.1679972e+03
   1.1686167e+03
   1.1694778e+03
   1.1699556e+03
   1.1703194e+03
   1.1711861e+03
   1.1718944e+03
   1.1726000e+03
   1.1733083e+03
   1.1736639e+03
   1.1742861e+03
   1.1749306e+03
   1.1758000e+03
   1.1762083e+03
   1.1769889e+03
   1.1779889e+03
   1.1787306e+03
   1.1793944e+03
   1.1798333e+03
   1.1803556e+03
   1.1811833e+03
   1.1822194e+03
   1.1827694e+03
   1.1833583e+03
   1.1837333e+03
   1.1840611e+03
   1.1844889e+03
   1.1852500e+03
   1.1857444e+03
   1.1866028e+03
   1.1873417e+03
   1.1880306e+03
   1.1886278e+03
   1.1892389e+03
   1.1896167e+03
   1.1900028e+03
   1.1904056e+03
   1.1907667e+03
   1.1912250e+03
   1.1917639e+03
   1.1925333e+03
   1.1933361e+03
   1.1940167e+03
   1.1945417e+03
   1.1954194e+03
   1.1961806e+03
   1.1965944e+03
   1.1974556e+03
   1.1980556e+03
   1.1984611e+03
   1.1988139e+03
   1.1995583e+03
   1.1999361e+03
   1.2000000e+03
   1.2009111e+03
   1.2017417e+03
   1.2024667e+03
   1.2028417e+03
   1.2032250e+03
   1.2035611e+03
   1.2042083e+03
   1.2049472e+03
   1.2054667e+03
   1.2060583e+03
   1.2065222e+03
   1.2071056e+03
   1.2077833e+03
   1.2085611e+03
   1.2091000e+03
   1.2097333e+03
   1.2104833e+03
   1.2110833e+03
   1.2118194e+03
   1.2127778e+03
   1.2131972e+03
   1.2135722e+03
   1.2141889e+03
   1.2148500e+03
   1.2155500e+03
   1.2160000e+03
   1.2163667e+03
   1.2167417e+03
   1.2171278e+03
   1.2178694e+03
   1.2183333e+03
   1.2188889e+03
   1.2195806e+03
   1.2200972e+03
   1.2204778e+03
   1.2214056e+03
   1.2218194e+03
   1.2224667e+03
   1.2231750e+03
   1.2240278e+03
   1.2246917e+03
   1.2252917e+03
   1.2261611e+03
   1.2270083e+03
   1.2277667e+03
   1.2283083e+03
   1.2291028e+03
   1.2300417e+03
   1.2308528e+03
   1.2317000e+03
   1.2320944e+03
   1.2324889e+03
   1.2334528e+03
   1.2338694e+03
   1.2343139e+03
   1.2347889e+03
   1.2355139e+03
   1.2366694e+03
   1.2378333e+03
   1.2386528e+03
   1.2394806e+03
   1.2402194e+03
   1.2409250e+03
   1.2416556e+03
   1.2421722e+03
   1.2425667e+03
   1.2429472e+03
   1.2440667e+03
   1.2445028e+03
   1.2454722e+03
   1.2460917e+03
   1.2470611e+03
   1.2478250e+03
   1.2482417e+03
   1.2490861e+03
   1.2499583e+03
   1.2507111e+03
   1.2514417e+03
   1.2522222e+03
   1.2530028e+03
   1.2534222e+03
   1.2537778e+03
   1.2544750e+03
   1.2549333e+03
   1.2556750e+03
   1.2565917e+03
   1.2572722e+03
   1.2576583e+03
   1.2586611e+03
   1.2591333e+03
   1.2599889e+03
   1.2606556e+03
   1.2613056e+03
   1.2624417e+03
   1.2634528e+03
   1.2639944e+03
   1.2643444e+03
   1.2649639e+03
   1.2656083e+03
   1.2662028e+03
   1.2666361e+03
   1.2674306e+03
   1.2680250e+03
   1.2687056e+03
   1.2690694e+03
   1.2693833e+03
   1.2697639e+03
   1.2704222e+03
   1.2707444e+03
   1.2714528e+03
   1.2720750e+03
   1.2727250e+03
   1.2731833e+03
   1.2735194e+03
   1.2741750e+03
   1.2745750e+03
   1.2751639e+03
   1.2756222e+03
   1.2762000e+03
   1.2769278e+03
   1.2773722e+03
   1.2779861e+03
   1.2784528e+03
   1.2789667e+03
   1.2793778e+03
   1.2800944e+03
   1.2808000e+03
   1.2816333e+03
   1.2824778e+03
   1.2829778e+03
   1.2833861e+03
   1.2837500e+03
   1.2841056e+03
   1.2845444e+03
   1.2851667e+03
   1.2858306e+03
   1.2862167e+03
   1.2865694e+03
   1.2870972e+03
   1.2883194e+03
   1.2887417e+03
   1.2893444e+03
   1.2899111e+03
   1.2907667e+03
   1.2914806e+03
   1.2921861e+03
   1.2929278e+03
   1.2933750e+03
   1.2943333e+03
   1.2948028e+03
   1.2956972e+03
   1.2965667e+03
   1.2974806e+03
   1.2978861e+03
   1.2984222e+03
   1.2989806e+03
   1.2998056e+03
   1.3002111e+03
   1.3011056e+03
   1.3020417e+03
   1.3027972e+03
   1.3034833e+03
   1.3042583e+03
   1.3049611e+03
   1.3056917e+03
   1.3061444e+03
   1.3069556e+03
   1.3074278e+03
   1.3077722e+03
   1.3081722e+03
   1.3091306e+03
   1.3095833e+03
   1.3105444e+03
   1.3109333e+03
   1.3115778e+03
   1.3125611e+03
   1.3133278e+03
   1.3143250e+03
   1.3150917e+03
   1.3156833e+03
   1.3160667e+03
   1.3166722e+03
   1.3177306e+03
   1.3188917e+03
   1.3195778e+03
   1.3204333e+03
   1.3210889e+03
   1.3217500e+03
   1.3228083e+03
   1.3234917e+03
   1.3238444e+03
   1.3247472e+03
   1.3257417e+03
   1.3265556e+03
   1.3269639e+03
   1.3272750e+03
   1.3283306e+03
   1.3287417e+03
   1.3295639e+03
   1.3306194e+03
   1.3315889e+03
   1.3324167e+03
   1.3332000e+03
   1.3338833e+03
   1.3345833e+03
   1.3349639e+03
   1.3358250e+03
   1.3365028e+03
   1.3373444e+03
   1.3380417e+03
   1.3386083e+03
   1.3390278e+03
   1.3393917e+03
   1.3400333e+03
   1.3405528e+03
   1.3412861e+03
   1.3420056e+03
   1.3425500e+03
   1.3430639e+03
   1.3434694e+03
   1.3440694e+03
   1.3448778e+03
   1.3454472e+03
   1.3458194e+03
   1.3461944e+03
   1.3468306e+03
   1.3471694e+03
   1.3478083e+03
   1.3482722e+03
   1.3490611e+03
   1.3497417e+03
   1.3505000e+03
   1.3509139e+03
   1.3518472e+03
   1.3526611e+03
   1.3532944e+03
   1.3539278e+03
   1.3547306e+03
   1.3554528e+03
   1.3564389e+03
   1.3568694e+03
   1.3578917e+03
   1.3583778e+03
   1.3591472e+03
   1.3596528e+03
   1.3602444e+03
   1.3607333e+03
   1.3613583e+03
   1.3619417e+03
   1.3623472e+03
   1.3631389e+03
   1.3636194e+03
   1.3642528e+03
   1.3649861e+03
   1.3657389e+03
   1.3666389e+03
   1.3673444e+03
   1.3681389e+03
   1.3687389e+03
   1.3694861e+03
   1.3701556e+03
   1.3709056e+03
   1.3713333e+03
   1.3720000e+03
   1.3731194e+03
   1.3739528e+03
   1.3745944e+03
   1.3754583e+03
   1.3760722e+03
   1.3768917e+03
   1.3775417e+03
   1.3783417e+03
   1.3791000e+03
   1.3798000e+03
   1.3807361e+03
   1.3813000e+03
   1.3818083e+03
   1.3825694e+03
   1.3832444e+03
   1.3837889e+03
   1.3844722e+03
   1.3850417e+03
   1.3857389e+03
   1.3864833e+03
   1.3871361e+03
   1.3880167e+03
   1.3884861e+03
   1.3891556e+03
   1.3897278e+03
   1.3901861e+03
   1.3908806e+03
   1.3917556e+03
   1.3925833e+03
   1.3929917e+03
   1.3933250e+03
   1.3939556e+03
   1.3945917e+03
   1.3951389e+03
   1.3958944e+03
   1.3967500e+03
   1.3973806e+03
   1.3979556e+03
   1.3985333e+03
   1.3993750e+03
   1.4000389e+03
   1.4008861e+03
   1.4014833e+03
   1.4019750e+03
   1.4026500e+03
   1.4032472e+03
   1.4038417e+03
   1.4042472e+03
   1.4046500e+03
   1.4051139e+03
   1.4057139e+03
   1.4064333e+03
   1.4070278e+03
   1.4074222e+03
   1.4078194e+03
   1.4085639e+03
   1.4089944e+03
   1.4093472e+03
   1.4096361e+03
   1.4102889e+03
   1.4107306e+03
   1.4113333e+03
   1.4120333e+03
   1.4128167e+03
   1.4132111e+03
   1.4138750e+03
   1.4142778e+03
   1.4145778e+03
   1.4148944e+03
   1.4158333e+03
   1.4162500e+03
   1.4169444e+03
   1.4173444e+03
   1.4180528e+03
   1.4186389e+03
   1.4190139e+03
   1.4197500e+03
   1.4201694e+03
   1.4205583e+03
   1.4212639e+03
   1.4217111e+03
   1.4222056e+03
   1.4228250e+03
   1.4231889e+03
   1.4236000e+03
   1.4243083e+03
   1.4249556e+03
   1.4257528e+03
   1.4261306e+03
   1.4268472e+03
   1.4272583e+03
   1.4276222e+03
   1.4281667e+03
   1.4288972e+03
   1.4296056e+03
   1.4300750e+03
   1.4307750e+03
   1.4313694e+03
   1.4321972e+03
   1.4330806e+03
   1.4338528e+03
   1.4345639e+03
   1.4353667e+03
   1.4362833e+03
   1.4367194e+03
   1.4374806e+03
   1.4378861e+03
   1.4385639e+03
   1.4391056e+03
   1.4397250e+03
   1.4401000e+03
   1.4404583e+03
   1.4412028e+03
   1.4416028e+03
   1.4421722e+03
   1.4427778e+03
   1.4433778e+03
   1.4440694e+03
   1.4445361e+03
   1.4449722e+03
   1.4453389e+03
   1.4459917e+03
   1.4468083e+03
   1.4475250e+03
   1.4480389e+03
   1.4486583e+03
   1.4493444e+03
   1.4497056e+03
   1.4506000e+03
   1.4510000e+03
   1.4520944e+03
   1.4525417e+03
   1.4534583e+03
   1.4541889e+03
   1.4548972e+03
   1.4557139e+03
   1.4565917e+03
   1.4572917e+03
   1.4577083e+03
   1.4585694e+03
   1.4590278e+03
   1.4593306e+03
   1.4600028e+03
   1.4608528e+03
   1.4613917e+03
   1.4619528e+03
   1.4623500e+03
   1.4626667e+03
   1.4633694e+03
   1.4641472e+03
   1.4650694e+03
   1.4661833e+03
   1.4668722e+03
   1.4680111e+03
   1.4689833e+03
   1.4694861e+03
   1.4702278e+03
   1.4711389e+03
   1.4717917e+03
   1.4721833e+03
   1.4727722e+03
   1.4735861e+03
   1.4742556e+03
   1.4746694e+03
   1.4750667e+03
   1.4754306e+03
   1.4760806e+03
   1.4767194e+03
   1.4777417e+03
   1.4783222e+03
   1.4789472e+03
   1.4796278e+03
   1.4801722e+03
   1.4810639e+03
   1.4818861e+03
   1.4830639e+03
   1.4839167e+03
   1.4843083e+03
   1.4851639e+03
   1.4860611e+03
   1.4866167e+03
   1.4870806e+03
   1.4873778e+03
   1.4877611e+03
   1.4885250e+03
   1.4916889e+03
   1.4923083e+03
   1.4926000e+03
   1.4928361e+03
   1.4934944e+03
   1.4939250e+03
   1.4944361e+03
   1.4950778e+03
   1.4960056e+03
   1.4966472e+03
   1.4972917e+03
   1.4976250e+03
   1.4982500e+03
   1.4987111e+03
   1.4995306e+03
   1.4999667e+03
   1.5000250e+03
   1.5002472e+03
   1.5011028e+03
   1.5015194e+03
   1.5018861e+03
   1.5025639e+03
   1.5030500e+03
   1.5034778e+03
   1.5040806e+03
   1.5048472e+03
   1.5056472e+03
   1.5064750e+03
   1.5072778e+03
   1.5077333e+03
   1.5084250e+03
   1.5090833e+03
   1.5099222e+03
   1.5105667e+03
   1.5111972e+03
   1.5119639e+03
   1.5126056e+03
   1.5130250e+03
   1.5137306e+03
   1.5144556e+03
   1.5152778e+03
   1.5159806e+03
   1.5163972e+03
   1.5167861e+03
   1.5171111e+03
   1.5177139e+03
   1.5181611e+03
   1.5189694e+03
   1.5194611e+03
   1.5198972e+03
   1.5205583e+03
   1.5209917e+03
   1.5220333e+03
   1.5224694e+03
   1.5236806e+03
   1.5248556e+03
   1.5253528e+03
   1.5259917e+03
   1.5266111e+03
   1.5269583e+03
   1.5272694e+03
   1.5277861e+03
   1.5284972e+03
   1.5291528e+03
   1.5297944e+03
   1.5305167e+03
   1.5313111e+03
   1.5317667e+03
   1.5326417e+03
   1.5332639e+03
   1.5339639e+03
   1.5346583e+03
   1.5350417e+03
   1.5355611e+03
   1.5360278e+03
   1.5367806e+03
   1.5375056e+03
   1.5381111e+03
   1.5384472e+03
   1.5390444e+03
   1.5394306e+03
   1.5400694e+03
   1.5407167e+03
   1.5412889e+03
   1.5419972e+03
   1.5426444e+03
   1.5434722e+03
   1.5442583e+03
   1.5450333e+03
   1.5455722e+03
   1.5462278e+03
   1.5467722e+03
   1.5474444e+03
   1.5481056e+03
   1.5486861e+03
   1.5493444e+03
   1.5499778e+03
   1.5506833e+03
   1.5510556e+03
   1.5517278e+03
   1.5523333e+03
   1.5527167e+03
   1.5540444e+03
   1.5545139e+03
   1.5554556e+03
   1.5561139e+03
   1.5567611e+03
   1.5574833e+03
   1.5578556e+03
   1.5586056e+03
   1.5591806e+03
   1.5596722e+03
   1.5606194e+03
   1.5615000e+03
   1.5620833e+03
   1.5624917e+03
   1.5632028e+03
   1.5636861e+03
   1.5641000e+03
   1.5649139e+03
   1.5654389e+03
   1.5662528e+03
   1.5666583e+03
   1.5668667e+03
   1.5673500e+03
   1.5679333e+03
   1.5689361e+03
   1.5694333e+03
   1.5698889e+03
   1.5704750e+03
   1.5710361e+03
   1.5717389e+03
   1.5725444e+03
   1.5734000e+03
   1.5738472e+03
   1.5746278e+03
   1.5751056e+03
   1.5761222e+03
   1.5766778e+03
   1.5770500e+03
   1.5774000e+03
   1.5780750e+03
   1.5788472e+03
   1.5792750e+03
   1.5803333e+03
   1.5807583e+03
   1.5816194e+03
   1.5828306e+03
   1.5837028e+03
   1.5844444e+03
   1.5848417e+03
   1.5854583e+03
   1.5863028e+03
   1.5866889e+03
   1.5872333e+03
   1.5880722e+03
   1.5890806e+03
   1.5896444e+03
   1.5902000e+03
   1.5908444e+03
   1.5916250e+03
   1.5922889e+03
   1.5930028e+03
   1.5937944e+03
   1.5944722e+03
   1.5951167e+03
   1.5955194e+03
   1.5962167e+03
   1.5969611e+03
   1.5980528e+03
   1.5985083e+03
   1.5989361e+03
   1.5995917e+03
   1.6002611e+03
   1.6010944e+03
   1.6015333e+03
   1.6021972e+03
   1.6027722e+03
   1.6035944e+03
   1.6039806e+03
   1.6045417e+03
   1.6052056e+03
   1.6058500e+03
   1.6065194e+03
   1.6068667e+03
   1.6072139e+03
   1.6075444e+03
   1.6077722e+03
   1.6082639e+03
   1.6087028e+03
   1.6090694e+03
   1.6093944e+03
   1.6098111e+03
   1.6101944e+03
   1.6108139e+03
   1.6117000e+03
   1.6121028e+03
   1.6124611e+03
   1.6135389e+03
   1.6141833e+03
   1.6145861e+03
   1.6152889e+03
   1.6157056e+03
   1.6160278e+03
   1.6165556e+03
   1.6172778e+03
   1.6179139e+03
   1.6187722e+03
   1.6193028e+03
   1.6198722e+03
   1.6202806e+03
   1.6209139e+03
   1.6217083e+03
   1.6225611e+03
   1.6234028e+03
   1.6239889e+03
   1.6246389e+03
   1.6250500e+03
   1.6260056e+03
   1.6264833e+03
   1.6273500e+03
   1.6277861e+03
   1.6285861e+03
   1.6292111e+03
   1.6302972e+03
   1.6309167e+03
   1.6316167e+03
   1.6324389e+03
   1.6330139e+03
   1.6334222e+03
   1.6341667e+03
   1.6348667e+03
   1.6354722e+03
   1.6363889e+03
   1.6370556e+03
   1.6379583e+03
   1.6383750e+03
   1.6387361e+03
   1.6391111e+03
   1.6397472e+03
   1.6406250e+03
   1.6410944e+03
   1.6418222e+03
   1.6425417e+03
   1.6433111e+03
   1.6440694e+03
   1.6448694e+03
   1.6456889e+03
   1.6462500e+03
   1.6468472e+03
   1.6476583e+03
   1.6482472e+03
   1.6486361e+03
   1.6493611e+03
   1.6501361e+03
   1.6508167e+03
   1.6516889e+03
   1.6524667e+03
   1.6531583e+03
   1.6538528e+03
   1.6545583e+03
   1.6552167e+03
   1.6560083e+03
   1.6569611e+03
   1.6573778e+03
   1.6577528e+03
   1.6583833e+03
   1.6587778e+03
   1.6593917e+03
   1.6601111e+03
   1.6605861e+03
   1.6613472e+03
   1.6618417e+03
   1.6624750e+03
   1.6632778e+03
   1.6639583e+03
   1.6646139e+03
   1.6650000e+03
   1.6653278e+03
   1.6659806e+03
   1.6663528e+03
   1.6672333e+03
   1.6680528e+03
   1.6684667e+03
   1.6691944e+03
   1.6699750e+03
   1.6704944e+03
   1.6711333e+03
   1.6714889e+03
   1.6720750e+03
   1.6726722e+03
   1.6734111e+03
   1.6742750e+03
   1.6747167e+03
   1.6750556e+03
   1.6754111e+03
   1.6757667e+03
   1.6764667e+03
   1.6768611e+03
   1.6771528e+03
   1.6778444e+03
   1.6789389e+03
   1.6796778e+03
   1.6806083e+03
   1.6814917e+03
   1.6824278e+03
   1.6829417e+03
   1.6833528e+03
   1.6839167e+03
   1.6845722e+03
   1.6851139e+03
   1.6854778e+03
   1.6860306e+03
   1.6865056e+03
   1.6873861e+03
   1.6881722e+03
   1.6885500e+03
   1.6890778e+03
   1.6896083e+03
   1.6902944e+03
   1.6910583e+03
   1.6917972e+03
   1.6924194e+03
   1.6931444e+03
   1.6940500e+03
   1.6949528e+03
   1.6958889e+03
   1.6965639e+03
   1.6969000e+03
   1.6972639e+03
   1.6978389e+03
   1.6985167e+03
   1.6993278e+03
   1.7000333e+03
   1.7004056e+03
   1.7010194e+03
   1.7017889e+03
   1.7022222e+03
   1.7030111e+03
   1.7038750e+03
   1.7046556e+03
   1.7056500e+03
   1.7067917e+03
   1.7075583e+03
   1.7081944e+03
   1.7088944e+03
   1.7096583e+03
   1.7105028e+03
   1.7109694e+03
   1.7117222e+03
   1.7123639e+03
   1.7134389e+03
   1.7140556e+03
   1.7148611e+03
   1.7155167e+03
   1.7162861e+03
   1.7172167e+03
   1.7181083e+03
   1.7187472e+03
   1.7194167e+03
   1.7197778e+03
   1.7201611e+03
   1.7208306e+03
   1.7212667e+03
   1.7216611e+03
   1.7222861e+03
   1.7226750e+03
   1.7230417e+03
   1.7236583e+03
   1.7247917e+03
   1.7255639e+03
   1.7270194e+03
   1.7277222e+03
   1.7285000e+03
   1.7288917e+03
   1.7294028e+03
   1.7297528e+03
   1.7304167e+03
   1.7310444e+03
   1.7316389e+03
   1.7322167e+03
   1.7328222e+03
   1.7331917e+03
   1.7335250e+03
   1.7338972e+03
   1.7342750e+03
   1.7349889e+03
   1.7353972e+03
   1.7361472e+03
   1.7369806e+03
   1.7375861e+03
   1.7384639e+03
   1.7391694e+03
   1.7395750e+03
   1.7405472e+03
   1.7414806e+03
   1.7418889e+03
   1.7428361e+03
   1.7437833e+03
   1.7443278e+03
   1.7450111e+03
   1.7454472e+03
   1.7461944e+03
   1.7470917e+03
   1.7479500e+03
   1.7485278e+03
   1.7492500e+03
   1.7496722e+03
   1.7500778e+03
   1.7504611e+03
   1.7507972e+03
   1.7514361e+03
   1.7522306e+03
   1.7529806e+03
   1.7536222e+03
   1.7542556e+03
   1.7548944e+03
   1.7555444e+03
   1.7563056e+03
   1.7569306e+03
   1.7573306e+03
   1.7576500e+03
   1.7582500e+03
   1.7590306e+03
   1.7597306e+03
   1.7601361e+03
   1.7605722e+03
   1.7613500e+03
   1.7618583e+03
   1.7625444e+03
   1.7634194e+03
   1.7639944e+03
   1.7647778e+03
   1.7652000e+03
   1.7660306e+03
   1.7665944e+03
   1.7669861e+03
   1.7673056e+03
   1.7679250e+03
   1.7686639e+03
   1.7697111e+03
   1.7707667e+03
   1.7715083e+03
   1.7721667e+03
   1.7725389e+03
   1.7731694e+03
   1.7738583e+03
   1.7745889e+03
   1.7753861e+03
   1.7761333e+03
   1.7765472e+03
   1.7773889e+03
   1.7779194e+03
   1.7783333e+03
   1.7792583e+03
   1.7799139e+03
   1.7803528e+03
   1.7806806e+03
   1.7813972e+03
   1.7819528e+03
   1.7825222e+03
   1.7832556e+03
   1.7839472e+03
   1.7845306e+03
   1.7853583e+03
   1.7862556e+03
   1.7871306e+03
   1.7878194e+03
   1.7884750e+03
   1.7888917e+03
   1.7892861e+03
   1.7896361e+03
   1.7903694e+03
   1.7907806e+03
   1.7913750e+03
   1.7918056e+03
   1.7923444e+03
   1.7928194e+03
   1.7934444e+03
   1.7942139e+03
   1.7946278e+03
   1.7950667e+03
   1.7957722e+03
