   1.3888889e-01
   8.7222222e-01
   2.3194444e+00
   3.0000000e+00
   4.4111111e+00
   5.0638889e+00
   6.5055556e+00
   7.2111111e+00
   8.6416667e+00
   9.3277778e+00
   1.0716667e+01
   1.1369444e+01
   1.2880556e+01
   1.3586111e+01
   1.5022222e+01
   1.5688889e+01
   1.7111111e+01
   1.7716667e+01
   1.9275000e+01
   1.9977778e+01
   2.1388889e+01
   2.1966667e+01
   2.3433333e+01
   2.4241667e+01
   2.5597222e+01
   2.6236111e+01
   2.7633333e+01
   2.8322222e+01
   2.9694444e+01
   3.0388889e+01
   3.1808333e+01
   3.2569444e+01
   3.3880556e+01
   3.4552778e+01
   3.5933333e+01
   3.6669444e+01
   3.7072222e+01
   3.8100000e+01
   3.9236111e+01
   3.9619444e+01
   4.0338889e+01
   4.1027778e+01
   4.1369444e+01
   4.1713889e+01
   4.2061111e+01
   4.2305556e+01
   4.2675000e+01
   4.3044444e+01
   4.3436111e+01
   4.3844444e+01
   4.4200000e+01
   4.4519444e+01
   4.4880556e+01
   4.5533333e+01
   4.5833333e+01
   4.6147222e+01
   4.6452778e+01
   4.6741667e+01
   4.7080556e+01
   4.7433333e+01
   4.7877778e+01
   4.8386111e+01
   4.8733333e+01
   4.9086111e+01
   4.9438889e+01
   5.0219444e+01
   5.0686111e+01
   5.2294444e+01
   5.2975000e+01
   5.4386111e+01
   5.5088889e+01
   5.5783333e+01
   5.6566667e+01
   5.6916667e+01
   5.7250000e+01
   5.7550000e+01
   5.7852778e+01
   5.8166667e+01
   5.8466667e+01
   5.9177778e+01
   5.9527778e+01
   6.0008333e+01
   6.1438889e+01
   6.2172222e+01
   6.2950000e+01
   6.3555556e+01
   6.4369444e+01
   6.5283333e+01
   6.5952778e+01
   6.7161111e+01
   6.8152778e+01
   6.9069444e+01
   6.9955556e+01
   7.0819444e+01
   7.1533333e+01
   7.2672222e+01
   7.3455556e+01
   7.4475000e+01
   7.5147222e+01
   7.6275000e+01
   7.7180556e+01
   7.7883333e+01
   7.8277778e+01
   7.9769444e+01
   8.0458333e+01
   8.0875000e+01
   8.1819444e+01
   8.2905556e+01
   8.3569444e+01
   8.4905556e+01
   8.5638889e+01
   8.6836111e+01
   8.7816667e+01
   8.8730556e+01
   8.9677778e+01
   9.0655556e+01
   9.1625000e+01
   9.2608333e+01
   9.3336111e+01
   9.4436111e+01
   9.5408333e+01
   9.6408333e+01
   9.7430556e+01
   9.8388889e+01
   9.9333333e+01
   1.0028889e+02
   1.0121667e+02
   1.0219722e+02
   1.0318333e+02
   1.0416389e+02
   1.0513056e+02
   1.0605833e+02
   1.0696667e+02
   1.0796111e+02
   1.0898056e+02
   1.0992778e+02
   1.1089722e+02
   1.1183889e+02
   1.1276944e+02
   1.1375000e+02
   1.1472222e+02
   1.1570278e+02
   1.1666389e+02
   1.1758333e+02
   1.1850000e+02
   1.1940000e+02
   1.2036944e+02
   1.2134722e+02
   1.2227500e+02
   1.2320278e+02
   1.2413056e+02
   1.2502222e+02
   1.2595833e+02
   1.2690556e+02
   1.2784444e+02
   1.2858333e+02
   1.2966389e+02
   1.3042500e+02
   1.3141111e+02
   1.3220278e+02
   1.3262222e+02
   1.3338611e+02
   1.3401944e+02
   1.3519167e+02
   1.3579167e+02
   1.3703056e+02
   1.3765833e+02
   1.3896111e+02
   1.3961667e+02
   1.4090000e+02
   1.4151944e+02
   1.4273056e+02
   1.4334167e+02
   1.4469167e+02
   1.4533611e+02
   1.4662500e+02
   1.4725278e+02
   1.4853056e+02
   1.4913611e+02
   1.5044444e+02
   1.5111944e+02
   1.5241111e+02
   1.5304444e+02
   1.5433056e+02
   1.5492500e+02
   1.5629444e+02
   1.5695833e+02
   1.5826111e+02
   1.5889722e+02
   1.6018611e+02
   1.6080278e+02
   1.6213889e+02
   1.6279444e+02
   1.6413889e+02
   1.6477500e+02
   1.6606944e+02
   1.6667222e+02
   1.6803056e+02
   1.6869444e+02
   1.7005000e+02
   1.7066389e+02
   1.7198056e+02
   1.7259167e+02
   1.7389444e+02
   1.7453889e+02
   1.7590000e+02
   1.7651667e+02
   1.7786944e+02
   1.7847222e+02
   1.7980556e+02
   1.8045833e+02
   1.8182778e+02
   1.8243889e+02
   1.8377222e+02
   1.8437500e+02
   1.8572500e+02
   1.8637222e+02
   1.8775278e+02
   1.8838333e+02
   1.8972500e+02
   1.9033333e+02
   1.9165556e+02
   1.9231667e+02
   1.9370278e+02
   1.9433333e+02
   1.9565000e+02
   1.9628611e+02
   1.9758889e+02
   1.9824722e+02
   1.9962500e+02
   2.0026944e+02
   2.0161389e+02
   2.0221389e+02
   2.0355556e+02
   2.0421111e+02
   2.0560833e+02
   2.0620000e+02
   2.0757222e+02
   2.0817778e+02
   2.0952500e+02
   2.1017778e+02
   2.1158889e+02
   2.1223611e+02
   2.1357222e+02
   2.1415556e+02
   2.1551111e+02
   2.1616389e+02
   2.1758611e+02
   2.1818889e+02
   2.1957500e+02
   2.2020556e+02
   2.2151944e+02
   2.2218611e+02
   2.2358333e+02
   2.2420556e+02
   2.2559167e+02
   2.2620556e+02
   2.2752500e+02
   2.2818889e+02
   2.2956667e+02
   2.3019167e+02
   2.3154444e+02
   2.3217500e+02
   2.3350833e+02
   2.3416667e+02
   2.3557500e+02
   2.3622778e+02
   2.3754167e+02
   2.3816667e+02
   2.3948611e+02
   2.4015000e+02
   2.4071389e+02
   2.4177222e+02
   2.4244722e+02
   2.4280000e+02
   2.4337500e+02
   2.4380000e+02
   2.4413333e+02
   2.4437500e+02
   2.4468889e+02
   2.4505833e+02
   2.4540833e+02
   2.4580556e+02
   2.4621667e+02
   2.4758611e+02
   2.4966944e+02
   2.5066111e+02
   2.5172778e+02
   2.5209722e+02
   2.5246389e+02
   2.5281389e+02
   2.5311389e+02
   2.5343056e+02
   2.5374722e+02
   2.5393889e+02
   2.5436389e+02
   2.5469722e+02
   2.5499444e+02
   2.5520556e+02
   2.5561389e+02
   2.5582778e+02
   2.5613333e+02
   2.5643611e+02
   2.5698889e+02
   2.5728611e+02
   2.5760000e+02
   2.5790000e+02
   2.5820000e+02
   2.5850556e+02
   2.5949722e+02
   2.6021667e+02
   2.6096111e+02
   2.6232500e+02
   2.6314167e+02
   2.6445833e+02
   2.6545833e+02
   2.6644167e+02
   2.6711667e+02
   2.6749722e+02
   2.6917778e+02
   2.6981389e+02
   2.7084167e+02
   2.7101944e+02
   2.7136389e+02
   2.7166667e+02
   2.7207222e+02
   2.7237500e+02
   2.7268889e+02
   2.7290556e+02
   2.7318333e+02
   2.7418056e+02
   2.7460000e+02
   2.7526111e+02
   2.7576389e+02
   2.7615556e+02
   2.7694167e+02
   2.7781111e+02
   2.7867778e+02
   2.7896389e+02
   2.7929722e+02
   2.7967222e+02
   2.7987778e+02
   2.8047222e+02
   2.8172500e+02
   2.8263611e+02
   2.8374167e+02
   2.8438611e+02
   2.8550556e+02
   2.8635278e+02
   2.8718611e+02
   2.8803889e+02
   2.8846389e+02
   2.8890000e+02
   2.8973889e+02
   2.9054444e+02
   2.9134722e+02
   2.9215278e+02
   2.9290556e+02
   2.9370278e+02
   2.9455556e+02
   2.9538333e+02
   2.9618611e+02
   2.9699444e+02
   2.9776667e+02
   2.9852222e+02
   2.9929444e+02
   3.0008611e+02
   3.0086667e+02
   3.0161389e+02
   3.0237778e+02
   3.0310000e+02
   3.0385000e+02
   3.0459167e+02
   3.0531111e+02
   3.0607222e+02
   3.0685833e+02
   3.0762778e+02
   3.0837500e+02
   3.0911944e+02
   3.0983056e+02
   3.1056667e+02
   3.1128056e+02
   3.1206667e+02
   3.1283889e+02
   3.1359722e+02
   3.1433056e+02
   3.1507222e+02
   3.1581667e+02
   3.1655278e+02
   3.1726389e+02
   3.1803056e+02
   3.1880833e+02
   3.1958889e+02
   3.2034444e+02
   3.2108889e+02
   3.2180556e+02
   3.2251944e+02
   3.2325556e+02
   3.2357222e+02
   3.2401389e+02
   3.2478333e+02
   3.2554444e+02
   3.2628056e+02
   3.2698611e+02
   3.2769722e+02
   3.2835833e+02
   3.2901667e+02
   3.2970833e+02
   3.3038056e+02
   3.3111667e+02
   3.3180556e+02
   3.3249167e+02
   3.3317500e+02
   3.3382778e+02
   3.3409167e+02
   3.3450833e+02
   3.3520278e+02
   3.3590278e+02
   3.3666667e+02
   3.3739167e+02
   3.3808333e+02
   3.3881667e+02
   3.3950000e+02
   3.4025278e+02
   3.4095833e+02
   3.4173333e+02
   3.4254167e+02
   3.4333889e+02
   3.4411944e+02
   3.4488333e+02
   3.4564167e+02
   3.4639444e+02
   3.4715833e+02
   3.4794444e+02
   3.4872778e+02
   3.4951389e+02
   3.5027778e+02
   3.5103611e+02
   3.5179722e+02
   3.5253611e+02
   3.5327500e+02
   3.5405556e+02
   3.5486111e+02
   3.5564444e+02
   3.5641389e+02
   3.5715833e+02
   3.5789722e+02
   3.5862778e+02
   3.5939167e+02
   3.6019444e+02
   3.6098611e+02
   3.6174722e+02
   3.6250556e+02
   3.6328611e+02
   3.6403889e+02
   3.6475278e+02
   3.6552500e+02
   3.6632222e+02
   3.6711944e+02
   3.6790556e+02
   3.6867500e+02
   3.6941944e+02
   3.7016667e+02
   3.7092222e+02
   3.7170000e+02
   3.7250278e+02
   3.7328889e+02
   3.7406111e+02
   3.7483611e+02
   3.7560556e+02
   3.7636389e+02
   3.7711944e+02
   3.7790556e+02
   3.7872500e+02
   3.7954167e+02
   3.8033056e+02
   3.8108611e+02
   3.8185000e+02
   3.8260000e+02
   3.8337222e+02
   3.8420000e+02
   3.8501944e+02
   3.8580833e+02
   3.8661111e+02
   3.8741389e+02
   3.8818889e+02
   3.8894444e+02
   3.8975000e+02
   3.9056944e+02
   3.9140833e+02
   3.9222500e+02
   3.9301389e+02
   3.9378889e+02
   3.9456944e+02
   3.9536389e+02
   3.9620556e+02
   3.9702500e+02
   3.9783333e+02
   3.9865000e+02
   3.9945556e+02
   4.0025000e+02
   4.0103333e+02
   4.0180833e+02
   4.0266389e+02
   4.0352222e+02
   4.0433333e+02
   4.0513889e+02
   4.0593889e+02
   4.0670000e+02
   4.0751944e+02
   4.0837778e+02
   4.0921389e+02
   4.1003056e+02
   4.1085833e+02
   4.1165556e+02
   4.1244722e+02
   4.1321944e+02
   4.1404722e+02
   4.1486944e+02
   4.1569444e+02
   4.1649722e+02
   4.1728333e+02
   4.1804722e+02
   4.1881944e+02
   4.1915278e+02
   4.1963056e+02
   4.2045833e+02
   4.2125556e+02
   4.2205278e+02
   4.2283056e+02
   4.2360833e+02
   4.2438056e+02
   4.2513056e+02
   4.2591944e+02
   4.2675556e+02
   4.2756667e+02
   4.2834444e+02
   4.2910556e+02
   4.2987222e+02
   4.3060833e+02
   4.3139444e+02
   4.3221667e+02
   4.3301667e+02
   4.3380278e+02
   4.3459444e+02
   4.3537222e+02
   4.3613333e+02
   4.3686944e+02
   4.3764444e+02
   4.3845000e+02
   4.3926111e+02
   4.4005556e+02
   4.4083333e+02
   4.4158611e+02
   4.4235000e+02
   4.4311944e+02
   4.4411944e+02
   4.4424722e+02
   4.4471111e+02
   4.4550278e+02
   4.4628333e+02
   4.4703611e+02
   4.4780833e+02
   4.4855556e+02
   4.4928889e+02
   4.5008333e+02
   4.5091111e+02
   4.5168889e+02
   4.5245278e+02
   4.5320278e+02
   4.5396111e+02
   4.5470556e+02
   4.5549444e+02
   4.5629167e+02
   4.5708611e+02
   4.5785556e+02
   4.5865000e+02
   4.5940278e+02
   4.6015278e+02
   4.6087778e+02
   4.6165000e+02
   4.6245556e+02
   4.6325833e+02
   4.6403333e+02
   4.6481111e+02
   4.6555278e+02
   4.6631389e+02
   4.6707500e+02
   4.6784722e+02
   4.6863611e+02
   4.6941944e+02
   4.7017500e+02
   4.7093889e+02
   4.7170278e+02
   4.7243889e+02
   4.7316111e+02
   4.7395556e+02
   4.7477500e+02
   4.7556389e+02
   4.7631944e+02
   4.7706111e+02
   4.7780833e+02
   4.7855000e+02
   4.7930000e+02
   4.8007500e+02
   4.8086389e+02
   4.8163889e+02
   4.8242222e+02
   4.8318056e+02
   4.8393611e+02
   4.8466111e+02
   4.8543333e+02
   4.8623333e+02
   4.8703056e+02
   4.8782222e+02
   4.8859722e+02
   4.8934444e+02
   4.9011111e+02
   4.9086111e+02
   4.9164722e+02
   4.9243889e+02
   4.9323333e+02
   4.9400000e+02
   4.9477778e+02
   4.9555556e+02
   4.9630833e+02
   4.9704444e+02
   4.9785000e+02
   4.9867500e+02
   4.9946944e+02
   5.0023056e+02
   5.0099167e+02
   5.0174722e+02
   5.0251389e+02
   5.0327778e+02
   5.0407500e+02
   5.0488333e+02
   5.0566944e+02
   5.0646389e+02
   5.0723056e+02
   5.0798611e+02
   5.0871389e+02
   5.0951389e+02
   5.1031944e+02
   5.1112500e+02
   5.1191389e+02
   5.1268889e+02
   5.1344167e+02
   5.1421944e+02
   5.1496944e+02
   5.1575556e+02
   5.1656111e+02
   5.1737222e+02
   5.1833333e+02
   5.1893611e+02
   5.1971111e+02
   5.2047222e+02
   5.2122500e+02
   5.2204167e+02
   5.2285833e+02
   5.2366111e+02
   5.2442778e+02
   5.2519722e+02
   5.2596667e+02
   5.2672500e+02
   5.2751389e+02
   5.2833056e+02
   5.2913333e+02
   5.2993333e+02
   5.3074444e+02
   5.3152500e+02
   5.3227778e+02
   5.3303611e+02
   5.3383889e+02
   5.3467500e+02
   5.3550278e+02
   5.3628611e+02
   5.3705278e+02
   5.3784444e+02
   5.3861667e+02
   5.3940556e+02
   5.4022500e+02
   5.4104722e+02
   5.4184722e+02
   5.4266111e+02
   5.4345278e+02
   5.4422500e+02
   5.4498333e+02
   5.4581111e+02
   5.4665000e+02
   5.4747778e+02
   5.4826389e+02
   5.4905000e+02
   5.4983333e+02
   5.5060556e+02
   5.5142222e+02
   5.5226389e+02
   5.5309167e+02
   5.5392222e+02
   5.5473889e+02
   5.5552500e+02
   5.5630278e+02
   5.5708611e+02
   5.5791111e+02
   5.5876389e+02
   5.5958889e+02
   5.6039444e+02
   5.6119444e+02
   5.6200556e+02
   5.6277500e+02
   5.6358889e+02
   5.6442500e+02
   5.6525278e+02
   5.6607500e+02
   5.6688889e+02
   5.6766667e+02
   5.6844444e+02
   5.6922778e+02
   5.7007778e+02
   5.7091944e+02
   5.7172500e+02
   5.7253056e+02
   5.7332778e+02
   5.7412222e+02
   5.7490278e+02
   5.7572222e+02
   5.7653889e+02
   5.7736944e+02
   5.7819167e+02
   5.7898889e+02
   5.7976389e+02
   5.8053889e+02
   5.8131667e+02
   5.8216111e+02
   5.8300833e+02
   5.8382222e+02
   5.8461944e+02
   5.8542500e+02
   5.8622222e+02
   5.8700833e+02
   5.8782778e+02
   5.8866389e+02
   5.8949167e+02
   5.9031389e+02
   5.9111389e+02
   5.9190833e+02
   5.9266944e+02
   5.9349722e+02
   5.9435833e+02
   5.9519167e+02
   5.9600000e+02
   5.9681944e+02
   5.9761389e+02
   5.9842222e+02
   5.9921667e+02
   6.0005278e+02
   6.0089167e+02
   6.0175556e+02
   6.0256944e+02
   6.0336667e+02
   6.0416667e+02
   6.0495278e+02
   6.0580556e+02
   6.0668611e+02
   6.0752222e+02
   6.0835000e+02
   6.0917778e+02
   6.1000000e+02
   6.1079722e+02
   6.1162500e+02
   6.1248333e+02
   6.1333333e+02
   6.1417500e+02
   6.1500278e+02
   6.1581944e+02
   6.1660278e+02
   6.1745278e+02
   6.1832500e+02
   6.1918611e+02
   6.2001944e+02
   6.2085556e+02
   6.2167222e+02
   6.2250278e+02
   6.2331667e+02
   6.2417778e+02
   6.2505000e+02
   6.2591667e+02
   6.2675278e+02
   6.2756667e+02
   6.2838056e+02
   6.2919722e+02
   6.3008611e+02
   6.3095833e+02
   6.3181389e+02
   6.3264444e+02
   6.3347778e+02
   6.3430278e+02
   6.3510833e+02
   6.3595556e+02
   6.3683611e+02
   6.3768889e+02
   6.3853611e+02
   6.3936667e+02
   6.4017500e+02
   6.4098611e+02
   6.4187778e+02
   6.4275278e+02
   6.4359722e+02
   6.4443611e+02
   6.4525556e+02
   6.4610000e+02
   6.4691944e+02
   6.4778333e+02
   6.4866944e+02
   6.4956111e+02
   6.5040556e+02
   6.5123056e+02
   6.5204722e+02
   6.5285000e+02
   6.5372778e+02
   6.5461111e+02
   6.5546389e+02
   6.5629722e+02
   6.5713889e+02
   6.5797500e+02
   6.5877500e+02
   6.5961667e+02
   6.6050000e+02
   6.6136667e+02
   6.6222778e+02
   6.6306667e+02
   6.6388333e+02
   6.6469444e+02
   6.6556389e+02
   6.6644167e+02
   6.6730556e+02
   6.6815556e+02
   6.6898889e+02
   6.6983889e+02
   6.7065556e+02
   6.7151667e+02
   6.7240556e+02
   6.7330833e+02
   6.7417222e+02
   6.7500556e+02
   6.7584167e+02
   6.7666389e+02
   6.7753333e+02
   6.7843056e+02
   6.7931667e+02
   6.8016111e+02
   6.8101944e+02
   6.8186944e+02
   6.8268056e+02
   6.8353611e+02
   6.8443333e+02
   6.8532778e+02
   6.8621389e+02
   6.8706111e+02
   6.8788333e+02
   6.8871944e+02
   6.8960000e+02
   6.9049444e+02
   6.9137500e+02
   6.9223889e+02
   6.9310000e+02
   6.9396389e+02
   6.9478889e+02
   6.9567222e+02
   6.9659167e+02
   6.9749444e+02
   6.9837778e+02
   6.9921944e+02
   7.0007222e+02
   7.0091111e+02
   7.0180833e+02
   7.0272222e+02
   7.0359722e+02
   7.0446667e+02
   7.0536667e+02
   7.0622222e+02
   7.0705278e+02
   7.0796944e+02
   7.0887222e+02
   7.0976944e+02
   7.1064444e+02
   7.1149444e+02
   7.1235278e+02
   7.1322500e+02
   7.1412500e+02
   7.1501944e+02
   7.1590000e+02
   7.1677500e+02
   7.1765000e+02
   7.1850000e+02
   7.1937222e+02
   7.2028056e+02
   7.2120556e+02
   7.2209167e+02
   7.2293611e+02
   7.2379444e+02
   7.2462222e+02
   7.2550556e+02
   7.2642778e+02
   7.2733056e+02
   7.2820556e+02
   7.2910278e+02
   7.2996389e+02
   7.3079722e+02
   7.3168889e+02
   7.3260000e+02
   7.3351667e+02
   7.3441389e+02
   7.3527500e+02
   7.3613056e+02
   7.3701667e+02
   7.3792500e+02
   7.3883889e+02
   7.3973056e+02
   7.4060833e+02
   7.4148889e+02
   7.4235278e+02
   7.4321111e+02
   7.4411389e+02
   7.4505000e+02
   7.4593889e+02
   7.4679722e+02
   7.4766389e+02
   7.4850556e+02
   7.4940278e+02
   7.5033889e+02
   7.5125000e+02
   7.5213889e+02
   7.5304722e+02
   7.5391389e+02
   7.5475556e+02
   7.5565833e+02
   7.5658056e+02
   7.5751111e+02
   7.5840000e+02
   7.5928056e+02
   7.6016111e+02
   7.6106667e+02
   7.6200556e+02
   7.6292778e+02
   7.6384722e+02
   7.6475278e+02
   7.6565000e+02
   7.6651944e+02
   7.6741111e+02
   7.6836111e+02
   7.6930833e+02
   7.7021111e+02
   7.7110000e+02
   7.7198611e+02
   7.7286667e+02
   7.7381944e+02
   7.7476389e+02
   7.7568333e+02
   7.7663611e+02
   7.7753333e+02
   7.7841667e+02
   7.7932222e+02
   7.8028889e+02
   7.8125833e+02
   7.8217778e+02
   7.8309444e+02
   7.8403889e+02
   7.8494444e+02
   7.8591667e+02
   7.8689167e+02
   7.8784444e+02
   7.8880000e+02
   7.8972500e+02
   7.9064167e+02
   7.9158333e+02
   7.9260556e+02
   7.9356389e+02
   7.9450000e+02
   7.9545000e+02
   7.9636944e+02
   7.9731111e+02
   7.9829444e+02
   7.9925833e+02
   8.0022222e+02
   8.0116111e+02
   8.0208056e+02
   8.0298889e+02
   8.0396667e+02
   8.0496389e+02
   8.0592500e+02
   8.0686111e+02
   8.0778611e+02
   8.0871111e+02
   8.0968889e+02
   8.1065278e+02
   8.1161389e+02
   8.1256111e+02
   8.1351944e+02
   8.1443333e+02
   8.1536944e+02
   8.1640000e+02
   8.1738056e+02
   8.1833056e+02
   8.1927222e+02
   8.2020278e+02
   8.2114722e+02
   8.2211944e+02
   8.2310278e+02
   8.2407778e+02
   8.2502500e+02
   8.2595278e+02
   8.2687222e+02
   8.2785833e+02
   8.2885556e+02
   8.2982778e+02
   8.3077500e+02
   8.3170000e+02
   8.3264444e+02
   8.3360000e+02
   8.3458056e+02
   8.3554444e+02
   8.3650556e+02
   8.3746111e+02
   8.3837778e+02
   8.3932500e+02
   8.4034722e+02
   8.4132222e+02
   8.4226111e+02
   8.4319444e+02
   8.4413889e+02
   8.4507500e+02
   8.4605556e+02
   8.4703056e+02
   8.4801111e+02
   8.4896111e+02
   8.4988889e+02
   8.5080556e+02
   8.5178333e+02
   8.5277778e+02
   8.5374167e+02
   8.5468333e+02
   8.5562222e+02
   8.5655278e+02
   8.5750556e+02
   8.5849167e+02
   8.5946111e+02
   8.6043889e+02
   8.6138889e+02
   8.6230833e+02
   8.6324444e+02
   8.6425833e+02
   8.6524722e+02
   8.6619167e+02
   8.6713056e+02
   8.6806944e+02
   8.6900556e+02
   8.6998889e+02
   8.7096389e+02
   8.7196667e+02
   8.7292222e+02
   8.7383611e+02
   8.7476111e+02
   8.7572778e+02
   8.7673333e+02
   8.7769722e+02
   8.7864167e+02
   8.7959444e+02
   8.8051111e+02
   8.8146667e+02
   8.8246111e+02
   8.8342778e+02
   8.8441389e+02
   8.8535000e+02
   8.8626667e+02
   8.8720556e+02
   8.8820556e+02
   8.8918333e+02
   8.9011944e+02
   8.9105556e+02
   8.9200000e+02
   8.9292778e+02
   8.9390833e+02
   8.9488889e+02
   8.9587500e+02
   8.9682500e+02
   8.9773333e+02
   8.9864722e+02
   8.9961111e+02
   9.0061667e+02
   9.0158056e+02
   9.0251944e+02
   9.0349167e+02
   9.0441667e+02
   9.0535556e+02
   9.0635833e+02
   9.0733889e+02
   9.0831667e+02
   9.0925000e+02
   9.1017500e+02
   9.1112500e+02
   9.1211667e+02
   9.1309722e+02
   9.1405833e+02
   9.1500556e+02
   9.1595278e+02
   9.1688333e+02
   9.1785556e+02
   9.1883889e+02
   9.1982500e+02
   9.2075556e+02
   9.2168611e+02
   9.2259167e+02
   9.2355278e+02
   9.2456944e+02
   9.2552500e+02
   9.2648889e+02
   9.2745556e+02
   9.2837778e+02
   9.2932778e+02
   9.3031389e+02
   9.3130000e+02
   9.3226667e+02
   9.3318889e+02
   9.3411944e+02
   9.3505833e+02
   9.3605556e+02
   9.3703056e+02
   9.3798611e+02
   9.3894167e+02
   9.3988611e+02
   9.4080833e+02
   9.4177222e+02
   9.4277500e+02
   9.4375556e+02
   9.4470000e+02
   9.4563333e+02
   9.4654722e+02
   9.4753056e+02
   9.4855000e+02
   9.4951944e+02
   9.5049167e+02
   9.5145556e+02
   9.5238889e+02
   9.5332778e+02
   9.5432778e+02
   9.5532778e+02
   9.5629722e+02
   9.5725278e+02
   9.5819167e+02
   9.5916111e+02
   9.6017222e+02
   9.6116111e+02
   9.6214167e+02
   9.6310000e+02
   9.6405278e+02
   9.6499167e+02
   9.6597500e+02
   9.6699722e+02
   9.6796944e+02
   9.6892222e+02
   9.6986944e+02
   9.7079167e+02
   9.7160556e+02
   9.7261944e+02
   9.7360278e+02
   9.7460833e+02
   9.7556667e+02
   9.7649722e+02
   9.7746389e+02
   9.7846389e+02
   9.7948333e+02
   9.8045000e+02
   9.8139444e+02
   9.8234167e+02
   9.8331667e+02
   9.8431667e+02
   9.8529444e+02
   9.8625556e+02
   9.8721111e+02
   9.8816111e+02
   9.8908611e+02
   9.9009444e+02
   9.9111944e+02
   9.9208611e+02
   9.9303889e+02
   9.9398056e+02
   9.9492500e+02
   9.9593333e+02
   9.9693056e+02
   9.9791111e+02
   9.9888333e+02
   9.9983611e+02
   1.0007528e+03
   1.0017472e+03
   1.0027667e+03
   1.0037639e+03
   1.0047389e+03
   1.0056806e+03
   1.0066444e+03
   1.0076389e+03
   1.0086278e+03
   1.0096194e+03
   1.0105889e+03
   1.0115528e+03
   1.0124778e+03
   1.0134500e+03
   1.0144944e+03
   1.0154750e+03
   1.0164472e+03
   1.0173944e+03
   1.0183306e+03
   1.0193139e+03
   1.0203028e+03
   1.0212806e+03
   1.0222667e+03
   1.0232167e+03
   1.0241500e+03
   1.0250917e+03
   1.0260917e+03
   1.0271139e+03
   1.0280778e+03
   1.0290167e+03
   1.0299722e+03
   1.0309056e+03
   1.0318889e+03
   1.0328778e+03
   1.0338333e+03
   1.0348083e+03
   1.0357583e+03
   1.0366639e+03
   1.0376694e+03
   1.0386861e+03
   1.0396583e+03
   1.0406083e+03
   1.0415472e+03
   1.0424806e+03
   1.0434556e+03
   1.0444611e+03
   1.0454444e+03
   1.0464333e+03
   1.0473861e+03
   1.0483139e+03
   1.0492778e+03
   1.0502889e+03
   1.0512972e+03
   1.0522694e+03
   1.0532111e+03
   1.0541806e+03
   1.0551222e+03
   1.0561139e+03
   1.0571167e+03
   1.0580861e+03
   1.0590611e+03
   1.0600028e+03
   1.0609472e+03
   1.0619750e+03
   1.0629639e+03
   1.0639194e+03
   1.0648722e+03
   1.0658667e+03
   1.0668056e+03
   1.0677861e+03
   1.0687972e+03
   1.0697806e+03
   1.0707722e+03
   1.0717056e+03
   1.0726361e+03
   1.0736167e+03
   1.0746222e+03
   1.0756111e+03
   1.0765583e+03
   1.0775194e+03
   1.0784556e+03
   1.0794222e+03
   1.0804361e+03
   1.0814167e+03
   1.0824000e+03
   1.0833556e+03
   1.0842889e+03
   1.0852444e+03
   1.0862667e+03
   1.0872667e+03
   1.0882111e+03
   1.0891611e+03
   1.0901111e+03
   1.0910667e+03
   1.0920750e+03
   1.0930722e+03
   1.0940806e+03
   1.0950417e+03
   1.0959778e+03
   1.0969222e+03
   1.0979250e+03
   1.0989500e+03
   1.0999222e+03
   1.1008806e+03
   1.1018667e+03
   1.1028056e+03
   1.1038056e+03
   1.1048139e+03
   1.1058028e+03
   1.1067778e+03
   1.1077306e+03
   1.1086556e+03
   1.1096583e+03
   1.1106750e+03
   1.1116500e+03
   1.1126028e+03
   1.1135500e+03
   1.1144889e+03
   1.1154611e+03
   1.1164667e+03
   1.1174639e+03
   1.1184278e+03
   1.1193639e+03
   1.1202944e+03
   1.1212472e+03
   1.1222639e+03
   1.1232500e+03
   1.1242056e+03
   1.1251750e+03
   1.1261194e+03
   1.1270611e+03
   1.1280472e+03
   1.1290417e+03
   1.1300278e+03
   1.1309667e+03
   1.1319000e+03
   1.1328361e+03
   1.1338361e+03
   1.1348361e+03
   1.1358028e+03
   1.1367611e+03
   1.1377139e+03
   1.1386500e+03
   1.1396278e+03
   1.1406278e+03
   1.1416278e+03
   1.1425917e+03
   1.1435222e+03
   1.1444500e+03
   1.1454389e+03
   1.1464694e+03
   1.1474472e+03
   1.1484194e+03
   1.1493944e+03
   1.1503278e+03
   1.1512861e+03
   1.1522833e+03
   1.1532833e+03
   1.1542611e+03
   1.1552083e+03
   1.1561444e+03
   1.1571111e+03
   1.1581222e+03
   1.1591111e+03
   1.1600806e+03
   1.1610278e+03
   1.1619889e+03
   1.1629194e+03
   1.1639028e+03
   1.1649250e+03
   1.1658917e+03
   1.1668389e+03
   1.1677944e+03
   1.1687083e+03
   1.1697333e+03
   1.1707306e+03
   1.1716917e+03
   1.1726722e+03
   1.1736111e+03
   1.1745389e+03
   1.1755056e+03
   1.1765028e+03
   1.1774944e+03
   1.1784639e+03
   1.1794056e+03
   1.1803333e+03
   1.1813250e+03
   1.1823222e+03
   1.1832944e+03
   1.1842611e+03
   1.1852056e+03
   1.1861583e+03
   1.1871000e+03
   1.1880889e+03
   1.1891139e+03
   1.1900806e+03
   1.1910333e+03
   1.1919778e+03
   1.1929194e+03
   1.1939417e+03
   1.1949333e+03
   1.1959056e+03
   1.1968833e+03
   1.1978444e+03
   1.1987667e+03
   1.1997722e+03
   1.2007944e+03
   1.2017917e+03
   1.2027639e+03
   1.2037083e+03
   1.2046722e+03
   1.2056833e+03
   1.2066806e+03
   1.2076722e+03
   1.2086444e+03
   1.2096083e+03
   1.2105361e+03
   1.2115222e+03
   1.2125583e+03
   1.2135500e+03
   1.2145194e+03
   1.2154611e+03
   1.2163889e+03
   1.2173861e+03
   1.2183806e+03
   1.2193694e+03
   1.2203444e+03
   1.2212917e+03
   1.2222389e+03
   1.2231861e+03
   1.2242000e+03
   1.2252083e+03
   1.2261778e+03
   1.2271333e+03
   1.2280778e+03
   1.2290417e+03
   1.2300333e+03
   1.2310278e+03
   1.2320028e+03
   1.2329722e+03
   1.2339250e+03
   1.2348583e+03
   1.2358833e+03
   1.2368917e+03
   1.2378722e+03
   1.2388306e+03
   1.2397750e+03
   1.2407306e+03
   1.2417333e+03
   1.2427472e+03
   1.2437333e+03
   1.2447167e+03
   1.2456778e+03
   1.2466111e+03
   1.2476111e+03
   1.2486333e+03
   1.2496250e+03
   1.2505917e+03
   1.2515417e+03
   1.2525028e+03
   1.2534889e+03
   1.2544861e+03
   1.2554750e+03
   1.2564556e+03
   1.2574250e+03
   1.2583528e+03
   1.2593333e+03
   1.2603667e+03
   1.2613583e+03
   1.2623167e+03
   1.2632639e+03
   1.2642194e+03
   1.2651806e+03
   1.2661833e+03
   1.2671750e+03
   1.2681639e+03
   1.2691278e+03
   1.2700528e+03
   1.2710000e+03
   1.2720056e+03
   1.2730111e+03
   1.2739833e+03
   1.2749222e+03
   1.2758778e+03
   1.2768250e+03
   1.2778194e+03
   1.2788139e+03
   1.2797944e+03
   1.2807750e+03
   1.2817111e+03
   1.2826361e+03
   1.2836417e+03
   1.2846472e+03
   1.2856167e+03
   1.2865611e+03
   1.2875139e+03
   1.2884556e+03
   1.2894361e+03
   1.2904472e+03
   1.2914333e+03
   1.2924194e+03
   1.2933639e+03
   1.2942861e+03
   1.2952667e+03
   1.2962833e+03
   1.2972889e+03
   1.2982556e+03
   1.2992194e+03
   1.3001889e+03
   1.3011556e+03
   1.3021694e+03
   1.3031694e+03
   1.3041611e+03
   1.3051333e+03
   1.3060833e+03
   1.3070417e+03
   1.3080750e+03
   1.3091000e+03
   1.3100583e+03
   1.3110333e+03
   1.3120028e+03
   1.3129639e+03
   1.3139694e+03
   1.3149833e+03
   1.3159889e+03
   1.3169472e+03
   1.3178944e+03
   1.3188361e+03
   1.3198333e+03
   1.3208611e+03
   1.3218250e+03
   1.3227889e+03
   1.3237667e+03
   1.3246889e+03
   1.3256917e+03
   1.3266833e+03
   1.3276694e+03
   1.3286472e+03
   1.3295889e+03
   1.3305111e+03
   1.3315222e+03
   1.3325306e+03
   1.3335083e+03
   1.3344806e+03
   1.3354361e+03
   1.3363750e+03
   1.3373694e+03
   1.3383722e+03
   1.3393889e+03
   1.3403722e+03
   1.3413111e+03
   1.3422528e+03
   1.3432389e+03
   1.3442778e+03
   1.3452778e+03
   1.3462528e+03
   1.3472444e+03
   1.3481917e+03
   1.3491583e+03
   1.3501750e+03
   1.3511833e+03
   1.3521750e+03
   1.3531333e+03
   1.3540889e+03
   1.3550722e+03
   1.3561056e+03
   1.3571028e+03
   1.3580917e+03
   1.3590667e+03
   1.3600306e+03
   1.3609889e+03
   1.3619972e+03
   1.3630278e+03
   1.3640167e+03
   1.3649722e+03
   1.3659250e+03
   1.3668778e+03
   1.3679194e+03
   1.3689139e+03
   1.3698861e+03
   1.3708694e+03
   1.3718056e+03
   1.3727417e+03
   1.3737417e+03
   1.3747389e+03
   1.3757361e+03
   1.3766889e+03
   1.3776361e+03
   1.3785861e+03
   1.3795889e+03
   1.3805944e+03
   1.3815806e+03
   1.3825361e+03
   1.3835056e+03
   1.3844417e+03
   1.3854111e+03
   1.3864444e+03
   1.3874444e+03
   1.3884139e+03
   1.3893722e+03
   1.3903028e+03
   1.3913139e+03
   1.3923389e+03
   1.3933194e+03
   1.3943111e+03
   1.3952806e+03
   1.3962167e+03
   1.3971806e+03
   1.3982000e+03
   1.3992083e+03
   1.4001917e+03
   1.4011556e+03
   1.4021111e+03
   1.4030917e+03
   1.4041083e+03
   1.4051111e+03
   1.4061028e+03
   1.4070806e+03
   1.4080500e+03
   1.4090083e+03
   1.4100583e+03
   1.4110889e+03
   1.4120750e+03
   1.4130583e+03
   1.4140083e+03
   1.4149972e+03
   1.4160333e+03
   1.4170389e+03
   1.4180361e+03
   1.4190306e+03
   1.4199861e+03
   1.4209361e+03
   1.4219611e+03
   1.4229806e+03
   1.4239639e+03
   1.4249306e+03
   1.4258833e+03
   1.4268500e+03
   1.4278583e+03
   1.4288528e+03
   1.4298333e+03
   1.4308083e+03
   1.4317639e+03
   1.4327083e+03
   1.4337306e+03
   1.4347528e+03
   1.4357333e+03
   1.4366972e+03
   1.4376444e+03
   1.4386083e+03
   1.4396056e+03
   1.4406222e+03
   1.4416139e+03
   1.4425944e+03
   1.4435556e+03
   1.4444917e+03
   1.4454917e+03
   1.4465222e+03
   1.4475194e+03
   1.4484889e+03
   1.4494444e+03
   1.4504028e+03
   1.4513889e+03
   1.4524083e+03
   1.4534000e+03
   1.4543944e+03
   1.4553639e+03
   1.4562944e+03
   1.4573083e+03
   1.4583361e+03
   1.4593250e+03
   1.4603139e+03
   1.4612667e+03
   1.4622250e+03
   1.4632194e+03
   1.4642389e+03
   1.4652500e+03
   1.4662500e+03
   1.4672139e+03
   1.4681528e+03
   1.4691500e+03
   1.4701778e+03
   1.4711806e+03
   1.4721611e+03
   1.4731083e+03
   1.4740722e+03
   1.4750278e+03
   1.4760306e+03
   1.4770417e+03
   1.4780278e+03
   1.4789944e+03
   1.4799389e+03
   1.4809000e+03
   1.4819250e+03
   1.4829333e+03
   1.4839028e+03
   1.4848667e+03
   1.4858389e+03
   1.4867889e+03
   1.4878056e+03
   1.4888333e+03
   1.4898250e+03
   1.4908028e+03
   1.4917500e+03
   1.4926917e+03
   1.4937139e+03
   1.4947361e+03
   1.4957222e+03
   1.4966861e+03
   1.4976750e+03
   1.4986139e+03
   1.4996194e+03
   1.5006417e+03
   1.5016389e+03
   1.5026333e+03
   1.5035833e+03
   1.5045306e+03
   1.5055500e+03
   1.5065722e+03
   1.5075500e+03
   1.5085306e+03
   1.5095167e+03
   1.5104639e+03
   1.5114750e+03
   1.5125000e+03
   1.5135111e+03
   1.5144944e+03
   1.5154500e+03
   1.5164028e+03
   1.5174056e+03
   1.5184611e+03
   1.5194611e+03
   1.5204389e+03
   1.5214472e+03
   1.5224000e+03
   1.5233972e+03
   1.5244528e+03
   1.5254528e+03
   1.5264444e+03
   1.5274056e+03
   1.5283667e+03
   1.5292889e+03
   1.5303694e+03
   1.5308139e+03
   1.5313583e+03
   1.5317472e+03
   1.5324222e+03
   1.5331306e+03
   1.5345694e+03
   1.5350556e+03
   1.5364528e+03
   1.5372194e+03
   1.5385306e+03
   1.5392139e+03
   1.5404889e+03
   1.5411861e+03
   1.5419361e+03
   1.5422778e+03
   1.5429472e+03
   1.5431667e+03
   1.5434750e+03
   1.5438083e+03
   1.5442528e+03
   1.5445806e+03
   1.5451167e+03
   1.5454250e+03
   1.5457750e+03
   1.5463750e+03
   1.5467278e+03
   1.5471028e+03
   1.5474528e+03
   1.5477667e+03
   1.5480250e+03
   1.5483417e+03
   1.5491361e+03
   1.5494667e+03
   1.5499583e+03
   1.5502722e+03
   1.5505722e+03
   1.5511083e+03
   1.5514083e+03
   1.5518111e+03
   1.5524806e+03
   1.5535583e+03
   1.5543250e+03
   1.5552694e+03
   1.5555528e+03
   1.5562639e+03
   1.5570750e+03
   1.5576917e+03
   1.5581667e+03
   1.5585306e+03
   1.5588944e+03
   1.5593333e+03
   1.5595389e+03
   1.5598611e+03
   1.5605139e+03
   1.5608111e+03
   1.5612667e+03
   1.5615528e+03
   1.5618361e+03
   1.5622417e+03
   1.5626750e+03
   1.5630000e+03
   1.5638000e+03
   1.5640722e+03
   1.5643444e+03
   1.5649361e+03
   1.5655278e+03
   1.5658194e+03
   1.5661167e+03
   1.5667000e+03
   1.5670250e+03
   1.5673000e+03
   1.5676639e+03
   1.5679444e+03
   1.5683694e+03
   1.5686500e+03
   1.5689139e+03
   1.5694778e+03
   1.5705222e+03
   1.5709444e+03
   1.5713639e+03
   1.5716389e+03
   1.5719333e+03
   1.5722250e+03
   1.5725139e+03
   1.5730944e+03
   1.5739194e+03
   1.5744583e+03
   1.5752611e+03
   1.5758111e+03
   1.5763444e+03
   1.5766111e+03
   1.5768889e+03
   1.5771694e+03
   1.5774500e+03
   1.5782639e+03
   1.5787500e+03
   1.5790222e+03
   1.5807389e+03
   1.5828250e+03
   1.5834222e+03
   1.5836444e+03
   1.5840833e+03
   1.5845694e+03
   1.5847667e+03
   1.5858306e+03
   1.5868861e+03
   1.5882750e+03
   1.5890861e+03
   1.5892806e+03
   1.5895833e+03
   1.5899000e+03
   1.5901917e+03
   1.5906417e+03
   1.5911833e+03
   1.5914611e+03
   1.5917472e+03
   1.5920250e+03
   1.5928778e+03
   1.5934139e+03
   1.5937028e+03
   1.5941611e+03
   1.5944306e+03
   1.5947528e+03
   1.5950361e+03
   1.5955056e+03
   1.5959917e+03
   1.5962833e+03
   1.5966528e+03
   1.5971194e+03
   1.5976972e+03
   1.5979972e+03
   1.5984583e+03
   1.5990639e+03
   1.5995333e+03
   1.6000778e+03
   1.6012083e+03
   1.6013861e+03
   1.6020417e+03
   1.6028222e+03
   1.6033611e+03
   1.6039417e+03
   1.6042083e+03
   1.6049889e+03
   1.6052833e+03
   1.6060750e+03
   1.6071444e+03
   1.6073639e+03
   1.6076917e+03
   1.6080083e+03
   1.6081917e+03
   1.6088417e+03
   1.6091278e+03
   1.6096667e+03
   1.6104750e+03
   1.6106444e+03
   1.6112583e+03
   1.6118639e+03
   1.6125778e+03
   1.6128917e+03
   1.6135639e+03
   1.6138667e+03
   1.6143639e+03
   1.6148806e+03
   1.6151778e+03
   1.6162778e+03
   1.6165806e+03
   1.6171444e+03
   1.6179111e+03
   1.6184917e+03
   1.6191972e+03
   1.6197417e+03
   1.6208444e+03
   1.6213639e+03
   1.6216861e+03
   1.6221583e+03
   1.6231028e+03
   1.6236361e+03
   1.6244194e+03
   1.6247000e+03
   1.6249861e+03
   1.6261167e+03
   1.6272000e+03
   1.6273722e+03
   1.6280000e+03
   1.6285528e+03
   1.6290833e+03
   1.6300611e+03
   1.6304056e+03
   1.6306917e+03
   1.6312556e+03
   1.6320278e+03
   1.6321917e+03
   1.6332917e+03
   1.6335722e+03
   1.6339139e+03
   1.6341722e+03
   1.6347389e+03
   1.6347694e+03
   1.6348972e+03
   1.6354861e+03
   1.6362389e+03
   1.6369028e+03
   1.6372389e+03
   1.6376000e+03
   1.6379667e+03
   1.6405972e+03
   1.6428722e+03
   1.6452972e+03
   1.6467750e+03
   1.6480083e+03
   1.6491667e+03
   1.6503778e+03
   1.6515333e+03
   1.6526694e+03
   1.6537750e+03
   1.6549111e+03
   1.6561000e+03
   1.6572333e+03
   1.6583611e+03
   1.6594583e+03
   1.6605528e+03
   1.6616944e+03
   1.6628806e+03
   1.6640278e+03
   1.6651389e+03
   1.6662056e+03
   1.6673417e+03
   1.6685056e+03
   1.6696167e+03
   1.6707028e+03
   1.6717556e+03
   1.6727833e+03
   1.6738583e+03
   1.6749361e+03
   1.6759750e+03
   1.6769667e+03
   1.6779056e+03
   1.6788861e+03
   1.6798833e+03
   1.6808556e+03
   1.6818194e+03
   1.6827500e+03
   1.6836806e+03
   1.6845778e+03
   1.6855194e+03
   1.6864861e+03
   1.6874000e+03
   1.6882944e+03
   1.6891500e+03
   1.6900028e+03
   1.6908778e+03
   1.6917972e+03
   1.6926944e+03
   1.6935556e+03
   1.6944306e+03
   1.6952944e+03
   1.6961222e+03
   1.6969639e+03
   1.6978583e+03
   1.6987472e+03
   1.6996250e+03
   1.7004750e+03
   1.7013028e+03
   1.7028222e+03
   1.7039583e+03
   1.7048583e+03
   1.7063694e+03
   1.7075361e+03
   1.7084167e+03
   1.7093528e+03
   1.7103528e+03
   1.7113028e+03
   1.7122472e+03
   1.7131694e+03
   1.7140806e+03
   1.7150639e+03
   1.7160167e+03
   1.7169944e+03
   1.7179639e+03
   1.7189528e+03
   1.7199306e+03
   1.7209361e+03
   1.7219750e+03
   1.7230361e+03
   1.7240722e+03
   1.7250583e+03
   1.7260750e+03
   1.7271056e+03
   1.7281778e+03
   1.7292139e+03
   1.7302361e+03
   1.7312528e+03
   1.7321944e+03
   1.7331972e+03
   1.7342639e+03
   1.7352639e+03
   1.7362417e+03
   1.7371806e+03
   1.7381028e+03
   1.7390750e+03
   1.7400389e+03
   1.7409750e+03
   1.7419139e+03
   1.7428250e+03
   1.7437028e+03
   1.7445500e+03
   1.7454667e+03
   1.7463917e+03
   1.7473139e+03
   1.7481861e+03
   1.7489333e+03
   1.7498111e+03
   1.7504333e+03
   1.7513083e+03
   1.7519583e+03
   1.7525250e+03
   1.7533083e+03
   1.7539417e+03
   1.7544611e+03
   1.7549694e+03
   1.7554389e+03
   1.7559083e+03
   1.7563556e+03
   1.7568306e+03
   1.7573222e+03
   1.7578250e+03
   1.7583194e+03
   1.7588028e+03
   1.7592917e+03
   1.7597694e+03
   1.7602444e+03
   1.7607167e+03
   1.7611889e+03
   1.7616694e+03
   1.7621500e+03
   1.7626583e+03
   1.7631667e+03
   1.7636833e+03
   1.7641972e+03
   1.7647000e+03
   1.7652083e+03
   1.7657333e+03
   1.7662389e+03
   1.7667222e+03
   1.7671944e+03
   1.7676639e+03
   1.7681250e+03
   1.7686333e+03
   1.7691500e+03
   1.7696750e+03
   1.7701778e+03
   1.7706944e+03
   1.7711833e+03
   1.7716944e+03
   1.7721944e+03
   1.7726722e+03
   1.7731611e+03
   1.7736389e+03
   1.7740917e+03
   1.7745806e+03
   1.7750861e+03
   1.7756306e+03
   1.7761472e+03
   1.7766361e+03
   1.7771139e+03
   1.7776250e+03
   1.7781083e+03
   1.7786333e+03
   1.7790944e+03
   1.7795722e+03
   1.7800333e+03
   1.7805139e+03
   1.7810139e+03
   1.7815639e+03
   1.7820667e+03
   1.7825750e+03
   1.7830722e+03
   1.7835694e+03
   1.7840389e+03
   1.7845306e+03
   1.7850111e+03
   1.7855111e+03
   1.7859972e+03
   1.7864806e+03
   1.7869583e+03
   1.7874833e+03
   1.7879889e+03
   1.7884972e+03
   1.7890028e+03
   1.7895056e+03
   1.7900028e+03
   1.7904944e+03
   1.7909667e+03
   1.7914500e+03
   1.7919222e+03
   1.7924194e+03
   1.7929000e+03
   1.7934167e+03
   1.7939333e+03
   1.7944694e+03
   1.7949722e+03
   1.7954861e+03
   1.7959500e+03
   1.7964528e+03
   1.7969583e+03
   1.7974750e+03
   1.7979278e+03
   1.7984222e+03
   1.7989278e+03
   1.7994611e+03
   1.7999667e+03
   1.8000000e+03
   1.8004583e+03
   1.8009861e+03
   1.8015139e+03
   1.8020194e+03
   1.8024944e+03
   1.8030000e+03
   1.8048472e+03
   1.8048611e+03
   1.8055528e+03
